2
 
H 12.45432272711787 12.47966316784621 0.0 
H 37.47575951898769 12.54373098535697 0.0 
2
 
H 12.408645454235739 12.45932633569242 0.0 
H 37.45151903797537 12.587461970713939 0.0 
2
 
H 12.362968181353608 12.43898950353863 0.0 
H 37.42727855696306 12.631192956070908 0.0 
2
 
H 12.317290908471477 12.41865267138484 0.0 
H 37.40303807595075 12.674923941427878 0.0 
2
 
H 12.271613635589347 12.398315839231051 0.0 
H 37.37879759493843 12.718654926784847 0.0 
2
 
H 12.225936362707216 12.377979007077261 0.0 
H 37.35455711392612 12.762385912141816 0.0 
2
 
H 12.180259089825086 12.357642174923472 0.0 
H 37.33031663291381 12.806116897498786 0.0 
2
 
H 12.134581816942955 12.337305342769682 0.0 
H 37.30607615190149 12.849847882855755 0.0 
2
 
H 12.088904544060824 12.316968510615892 0.0 
H 37.28183567088918 12.893578868212725 0.0 
2
 
H 12.043227271178694 12.296631678462102 0.0 
H 37.25759518987687 12.937309853569694 0.0 
2
 
H 11.997549998296563 12.276294846308312 0.0 
H 37.23335470886455 12.981040838926663 0.0 
2
 
H 11.951872725414432 12.255958014154523 0.0 
H 37.20911422785224 13.024771824283633 0.0 
2
 
H 11.906195452532302 12.235621182000733 0.0 
H 37.184873746839926 13.068502809640602 0.0 
2
 
H 11.860518179650171 12.215284349846943 0.0 
H 37.16063326582761 13.112233794997572 0.0 
2
 
H 11.81484090676804 12.194947517693153 0.0 
H 37.1363927848153 13.155964780354541 0.0 
2
 
H 11.76916363388591 12.174610685539363 0.0 
H 37.112152303802986 13.19969576571151 0.0 
2
 
H 11.72348636100378 12.154273853385574 0.0 
H 37.08791182279067 13.24342675106848 0.0 
2
 
H 11.677809088121649 12.133937021231784 0.0 
H 37.06367134177836 13.28715773642545 0.0 
2
 
H 11.632131815239518 12.113600189077994 0.0 
H 37.039430860766046 13.330888721782419 0.0 
2
 
H 11.586454542357387 12.093263356924204 0.0 
H 37.01519037975373 13.374619707139388 0.0 
2
 
H 11.540777269475257 12.072926524770415 0.0 
H 36.99094989874142 13.418350692496357 0.0 
2
 
H 11.495099996593126 12.052589692616625 0.0 
H 36.966709417729106 13.462081677853327 0.0 
2
 
H 11.449422723710995 12.032252860462835 0.0 
H 36.94246893671679 13.505812663210296 0.0 
2
 
H 11.403745450828865 12.011916028309045 0.0 
H 36.91822845570448 13.549543648567266 0.0 
2
 
H 11.358068177946734 11.991579196155255 0.0 
H 36.893987974692166 13.593274633924235 0.0 
2
 
H 11.312390905064603 11.971242364001466 0.0 
H 36.86974749367985 13.637005619281204 0.0 
2
 
H 11.266713632182473 11.950905531847676 0.0 
H 36.84550701266754 13.680736604638174 0.0 
2
 
H 11.221036359300342 11.930568699693886 0.0 
H 36.821266531655226 13.724467589995143 0.0 
2
 
H 11.175359086418212 11.910231867540096 0.0 
H 36.79702605064291 13.768198575352113 0.0 
2
 
H 11.12968181353608 11.889895035386306 0.0 
H 36.7727855696306 13.811929560709082 0.0 
2
 
H 11.08400454065395 11.869558203232517 0.0 
H 36.748545088618286 13.855660546066051 0.0 
2
 
H 11.03832726777182 11.849221371078727 0.0 
H 36.72430460760597 13.89939153142302 0.0 
2
 
H 10.992649994889689 11.828884538924937 0.0 
H 36.70006412659366 13.94312251677999 0.0 
2
 
H 10.946972722007558 11.808547706771147 0.0 
H 36.675823645581346 13.98685350213696 0.0 
2
 
H 10.901295449125428 11.788210874617358 0.0 
H 36.65158316456903 14.030584487493929 0.0 
2
 
H 10.855618176243297 11.767874042463568 0.0 
H 36.62734268355672 14.074315472850898 0.0 
2
 
H 10.809940903361166 11.747537210309778 0.0 
H 36.603102202544406 14.118046458207868 0.0 
2
 
H 10.764263630479036 11.727200378155988 0.0 
H 36.57886172153209 14.161777443564837 0.0 
2
 
H 10.718586357596905 11.706863546002198 0.0 
H 36.55462124051978 14.205508428921807 0.0 
2
 
H 10.672909084714775 11.686526713848409 0.0 
H 36.530380759507466 14.249239414278776 0.0 
2
 
H 10.627231811832644 11.666189881694619 0.0 
H 36.50614027849515 14.292970399635745 0.0 
2
 
H 10.581554538950513 11.645853049540829 0.0 
H 36.48189979748284 14.336701384992715 0.0 
2
 
H 10.535877266068383 11.62551621738704 0.0 
H 36.457659316470526 14.380432370349684 0.0 
2
 
H 10.490199993186252 11.60517938523325 0.0 
H 36.43341883545821 14.424163355706654 0.0 
2
 
H 10.444522720304121 11.58484255307946 0.0 
H 36.4091783544459 14.467894341063623 0.0 
2
 
H 10.39884544742199 11.56450572092567 0.0 
H 36.384937873433586 14.511625326420592 0.0 
2
 
H 10.35316817453986 11.54416888877188 0.0 
H 36.36069739242127 14.555356311777562 0.0 
2
 
H 10.30749090165773 11.52383205661809 0.0 
H 36.33645691140896 14.599087297134531 0.0 
2
 
H 10.261813628775599 11.5034952244643 0.0 
H 36.312216430396646 14.6428182824915 0.0 
2
 
H 10.216136355893468 11.48315839231051 0.0 
H 36.28797594938433 14.68654926784847 0.0 
2
 
H 10.170459083011337 11.462821560156721 0.0 
H 36.26373546837202 14.73028025320544 0.0 
2
 
H 10.124781810129207 11.442484728002931 0.0 
H 36.239494987359706 14.774011238562409 0.0 
2
 
H 10.079104537247076 11.422147895849141 0.0 
H 36.21525450634739 14.817742223919378 0.0 
2
 
H 10.033427264364946 11.401811063695352 0.0 
H 36.19101402533508 14.861473209276348 0.0 
2
 
H 9.987749991482815 11.381474231541562 0.0 
H 36.166773544322766 14.905204194633317 0.0 
2
 
H 9.942072718600684 11.361137399387772 0.0 
H 36.14253306331045 14.948935179990286 0.0 
2
 
H 9.896395445718554 11.340800567233982 0.0 
H 36.11829258229814 14.992666165347256 0.0 
2
 
H 9.850718172836423 11.320463735080192 0.0 
H 36.094052101285826 15.036397150704225 0.0 
2
 
H 9.805040899954292 11.300126902926403 0.0 
H 36.06981162027351 15.080128136061195 0.0 
2
 
H 9.759363627072162 11.279790070772613 0.0 
H 36.0455711392612 15.123859121418164 0.0 
2
 
H 9.713686354190031 11.259453238618823 0.0 
H 36.021330658248885 15.167590106775133 0.0 
2
 
H 9.6680090813079 11.239116406465033 0.0 
H 35.99709017723657 15.211321092132103 0.0 
2
 
H 9.62233180842577 11.218779574311244 0.0 
H 35.97284969622426 15.255052077489072 0.0 
2
 
H 9.57665453554364 11.198442742157454 0.0 
H 35.948609215211945 15.298783062846042 0.0 
2
 
H 9.530977262661509 11.178105910003664 0.0 
H 35.92436873419963 15.342514048203011 0.0 
2
 
H 9.485299989779378 11.157769077849874 0.0 
H 35.90012825318732 15.38624503355998 0.0 
2
 
H 9.439622716897247 11.137432245696084 0.0 
H 35.875887772175005 15.42997601891695 0.0 
2
 
H 9.393945444015117 11.117095413542295 0.0 
H 35.85164729116269 15.473707004273919 0.0 
2
 
H 9.348268171132986 11.096758581388505 0.0 
H 35.82740681015038 15.517437989630888 0.0 
2
 
H 9.302590898250855 11.076421749234715 0.0 
H 35.803166329138065 15.561168974987858 0.0 
2
 
H 9.256913625368725 11.056084917080925 0.0 
H 35.77892584812575 15.604899960344827 0.0 
2
 
H 9.211236352486594 11.035748084927135 0.0 
H 35.75468536711344 15.648630945701797 0.0 
2
 
H 9.165559079604463 11.015411252773346 0.0 
H 35.730444886101125 15.692361931058766 0.0 
2
 
H 9.119881806722333 10.995074420619556 0.0 
H 35.70620440508881 15.736092916415735 0.0 
2
 
H 9.074204533840202 10.974737588465766 0.0 
H 35.6819639240765 15.779823901772705 0.0 
2
 
H 9.028527260958072 10.954400756311976 0.0 
H 35.657723443064185 15.823554887129674 0.0 
2
 
H 8.982849988075941 10.934063924158187 0.0 
H 35.63348296205187 15.867285872486644 0.0 
2
 
H 8.93717271519381 10.913727092004397 0.0 
H 35.60924248103956 15.911016857843613 0.0 
2
 
H 8.89149544231168 10.893390259850607 0.0 
H 35.585002000027245 15.954747843200582 0.0 
2
 
H 8.845818169429549 10.873053427696817 0.0 
H 35.56076151901493 15.998478828557552 0.0 
2
 
H 8.800140896547418 10.852716595543027 0.0 
H 35.53652103800262 16.04220981391452 0.0 
2
 
H 8.754463623665288 10.832379763389238 0.0 
H 35.512280556990305 16.08594079927149 0.0 
2
 
H 8.708786350783157 10.812042931235448 0.0 
H 35.48804007597799 16.12967178462846 0.0 
2
 
H 8.663109077901026 10.791706099081658 0.0 
H 35.46379959496568 16.17340276998543 0.0 
2
 
H 8.617431805018896 10.771369266927868 0.0 
H 35.439559113953365 16.2171337553424 0.0 
2
 
H 8.571754532136765 10.751032434774078 0.0 
H 35.41531863294105 16.26086474069937 0.0 
2
 
H 8.526077259254635 10.730695602620289 0.0 
H 35.39107815192874 16.304595726056338 0.0 
2
 
H 8.480399986372504 10.710358770466499 0.0 
H 35.366837670916425 16.348326711413307 0.0 
2
 
H 8.434722713490373 10.690021938312709 0.0 
H 35.34259718990411 16.392057696770276 0.0 
2
 
H 8.389045440608243 10.66968510615892 0.0 
H 35.3183567088918 16.435788682127246 0.0 
2
 
H 8.343368167726112 10.64934827400513 0.0 
H 35.294116227879485 16.479519667484215 0.0 
2
 
H 8.297690894843981 10.62901144185134 0.0 
H 35.26987574686717 16.523250652841185 0.0 
2
 
H 8.25201362196185 10.60867460969755 0.0 
H 35.24563526585486 16.566981638198154 0.0 
2
 
H 8.20633634907972 10.58833777754376 0.0 
H 35.221394784842545 16.610712623555123 0.0 
2
 
H 8.16065907619759 10.56800094538997 0.0 
H 35.19715430383023 16.654443608912093 0.0 
2
 
H 8.114981803315459 10.54766411323618 0.0 
H 35.17291382281792 16.698174594269062 0.0 
2
 
H 8.069304530433328 10.52732728108239 0.0 
H 35.148673341805605 16.74190557962603 0.0 
2
 
H 8.023627257551198 10.506990448928601 0.0 
H 35.12443286079329 16.785636564983 0.0 
2
 
H 7.977949984669068 10.486653616774811 0.0 
H 35.10019237978098 16.82936755033997 0.0 
2
 
H 7.932272711786938 10.466316784621021 0.0 
H 35.075951898768665 16.87309853569694 0.0 
2
 
H 7.886595438904808 10.445979952467232 0.0 
H 35.05171141775635 16.91682952105391 0.0 
2
 
H 7.8409181660226785 10.425643120313442 0.0 
H 35.02747093674404 16.96056050641088 0.0 
2
 
H 7.795240893140549 10.405306288159652 0.0 
H 35.003230455731725 17.004291491767848 0.0 
2
 
H 7.749563620258419 10.384969456005862 0.0 
H 34.97898997471941 17.048022477124817 0.0 
2
 
H 7.703886347376289 10.364632623852073 0.0 
H 34.9547494937071 17.091753462481787 0.0 
2
 
H 7.6582090744941596 10.344295791698283 0.0 
H 34.930509012694785 17.135484447838756 0.0 
2
 
H 7.61253180161203 10.323958959544493 0.0 
H 34.90626853168247 17.179215433195726 0.0 
2
 
H 7.5668545287299 10.303622127390703 0.0 
H 34.88202805067016 17.222946418552695 0.0 
2
 
H 7.52117725584777 10.283285295236913 0.0 
H 34.857787569657845 17.266677403909664 0.0 
2
 
H 7.4754999829656406 10.262948463083124 0.0 
H 34.83354708864553 17.310408389266634 0.0 
2
 
H 7.429822710083511 10.242611630929334 0.0 
H 34.80930660763322 17.354139374623603 0.0 
2
 
H 7.384145437201381 10.222274798775544 0.0 
H 34.785066126620904 17.397870359980573 0.0 
2
 
H 7.338468164319251 10.201937966621754 0.0 
H 34.76082564560859 17.441601345337542 0.0 
2
 
H 7.292790891437122 10.181601134467964 0.0 
H 34.73658516459628 17.48533233069451 0.0 
2
 
H 7.247113618554992 10.161264302314175 0.0 
H 34.712344683583964 17.52906331605148 0.0 
2
 
H 7.201436345672862 10.140927470160385 0.0 
H 34.68810420257165 17.57279430140845 0.0 
2
 
H 7.155759072790732 10.120590638006595 0.0 
H 34.66386372155934 17.61652528676542 0.0 
2
 
H 7.110081799908603 10.100253805852805 0.0 
H 34.639623240547024 17.66025627212239 0.0 
2
 
H 7.064404527026473 10.079916973699016 0.0 
H 34.61538275953471 17.70398725747936 0.0 
2
 
H 7.018727254144343 10.059580141545226 0.0 
H 34.5911422785224 17.747718242836328 0.0 
2
 
H 6.973049981262213 10.039243309391436 0.0 
H 34.566901797510084 17.791449228193297 0.0 
2
 
H 6.927372708380084 10.018906477237646 0.0 
H 34.54266131649777 17.835180213550267 0.0 
2
 
H 6.881695435497954 9.998569645083856 0.0 
H 34.51842083548546 17.878911198907236 0.0 
2
 
H 6.836018162615824 9.978232812930067 0.0 
H 34.494180354473144 17.922642184264205 0.0 
2
 
H 6.790340889733694 9.957895980776277 0.0 
H 34.46993987346083 17.966373169621175 0.0 
2
 
H 6.744663616851565 9.937559148622487 0.0 
H 34.44569939244852 18.010104154978144 0.0 
2
 
H 6.698986343969435 9.917222316468697 0.0 
H 34.421458911436204 18.053835140335114 0.0 
2
 
H 6.653309071087305 9.896885484314907 0.0 
H 34.39721843042389 18.097566125692083 0.0 
2
 
H 6.607631798205175 9.876548652161118 0.0 
H 34.37297794941158 18.141297111049052 0.0 
2
 
H 6.561954525323046 9.856211820007328 0.0 
H 34.348737468399264 18.185028096406022 0.0 
2
 
H 6.516277252440916 9.835874987853538 0.0 
H 34.32449698738695 18.22875908176299 0.0 
2
 
H 6.470599979558786 9.815538155699748 0.0 
H 34.30025650637464 18.27249006711996 0.0 
2
 
H 6.424922706676656 9.795201323545959 0.0 
H 34.276016025362324 18.31622105247693 0.0 
2
 
H 6.379245433794527 9.774864491392169 0.0 
H 34.25177554435001 18.3599520378339 0.0 
2
 
H 6.333568160912397 9.754527659238379 0.0 
H 34.2275350633377 18.40368302319087 0.0 
2
 
H 6.287890888030267 9.73419082708459 0.0 
H 34.203294582325384 18.447414008547838 0.0 
2
 
H 6.242213615148137 9.7138539949308 0.0 
H 34.17905410131307 18.491144993904808 0.0 
2
 
H 6.196536342266008 9.69351716277701 0.0 
H 34.15481362030076 18.534875979261777 0.0 
2
 
H 6.150859069383878 9.67318033062322 0.0 
H 34.130573139288444 18.578606964618746 0.0 
2
 
H 6.105181796501748 9.65284349846943 0.0 
H 34.10633265827613 18.622337949975716 0.0 
2
 
H 6.059504523619618 9.63250666631564 0.0 
H 34.08209217726382 18.666068935332685 0.0 
2
 
H 6.013827250737489 9.61216983416185 0.0 
H 34.057851696251504 18.709799920689655 0.0 
2
 
H 5.968149977855359 9.59183300200806 0.0 
H 34.03361121523919 18.753530906046624 0.0 
2
 
H 5.922472704973229 9.57149616985427 0.0 
H 34.00937073422688 18.797261891403593 0.0 
2
 
H 5.876795432091099 9.551159337700481 0.0 
H 33.985130253214564 18.840992876760563 0.0 
2
 
H 5.83111815920897 9.530822505546691 0.0 
H 33.96088977220225 18.884723862117532 0.0 
2
 
H 5.78544088632684 9.510485673392902 0.0 
H 33.93664929118994 18.9284548474745 0.0 
2
 
H 5.73976361344471 9.490148841239112 0.0 
H 33.912408810177624 18.97218583283147 0.0 
2
 
H 5.69408634056258 9.469812009085322 0.0 
H 33.88816832916531 19.01591681818844 0.0 
2
 
H 5.648409067680451 9.449475176931532 0.0 
H 33.863927848153 19.05964780354541 0.0 
2
 
H 5.602731794798321 9.429138344777742 0.0 
H 33.839687367140684 19.10337878890238 0.0 
2
 
H 5.557054521916191 9.408801512623953 0.0 
H 33.81544688612837 19.14710977425935 0.0 
2
 
H 5.511377249034061 9.388464680470163 0.0 
H 33.79120640511606 19.190840759616318 0.0 
2
 
H 5.465699976151932 9.368127848316373 0.0 
H 33.766965924103744 19.234571744973287 0.0 
2
 
H 5.420022703269802 9.347791016162583 0.0 
H 33.74272544309143 19.278302730330257 0.0 
2
 
H 5.374345430387672 9.327454184008793 0.0 
H 33.71848496207912 19.322033715687226 0.0 
2
 
H 5.328668157505542 9.307117351855004 0.0 
H 33.694244481066804 19.365764701044196 0.0 
2
 
H 5.282990884623413 9.286780519701214 0.0 
H 33.67000400005449 19.409495686401165 0.0 
2
 
H 5.237313611741283 9.266443687547424 0.0 
H 33.64576351904218 19.453226671758134 0.0 
2
 
H 5.191636338859153 9.246106855393634 0.0 
H 33.62152303802986 19.496957657115104 0.0 
2
 
H 5.145959065977023 9.225770023239845 0.0 
H 33.59728255701755 19.540688642472073 0.0 
2
 
H 5.100281793094894 9.205433191086055 0.0 
H 33.57304207600524 19.584419627829043 0.0 
2
 
H 5.054604520212764 9.185096358932265 0.0 
H 33.54880159499292 19.628150613186012 0.0 
2
 
H 5.008927247330634 9.164759526778475 0.0 
H 33.52456111398061 19.67188159854298 0.0 
2
 
H 4.963249974448504 9.144422694624685 0.0 
H 33.5003206329683 19.71561258389995 0.0 
2
 
H 4.917572701566375 9.124085862470896 0.0 
H 33.47608015195598 19.75934356925692 0.0 
2
 
H 4.871895428684245 9.103749030317106 0.0 
H 33.45183967094367 19.80307455461389 0.0 
2
 
H 4.826218155802115 9.083412198163316 0.0 
H 33.42759918993136 19.84680553997086 0.0 
2
 
H 4.780540882919985 9.063075366009526 0.0 
H 33.40335870891904 19.89053652532783 0.0 
2
 
H 4.734863610037856 9.042738533855736 0.0 
H 33.37911822790673 19.934267510684798 0.0 
2
 
H 4.689186337155726 9.022401701701947 0.0 
H 33.35487774689442 19.977998496041767 0.0 
2
 
H 4.643509064273596 9.002064869548157 0.0 
H 33.3306372658821 20.021729481398737 0.0 
2
 
H 4.597831791391466 8.981728037394367 0.0 
H 33.30639678486979 20.065460466755706 0.0 
2
 
H 4.552154518509337 8.961391205240577 0.0 
H 33.28215630385748 20.109191452112675 0.0 
2
 
H 4.506477245627207 8.941054373086788 0.0 
H 33.25791582284516 20.152922437469645 0.0 
2
 
H 4.460799972745077 8.920717540932998 0.0 
H 33.23367534183285 20.196653422826614 0.0 
2
 
H 4.415122699862947 8.900380708779208 0.0 
H 33.20943486082054 20.240384408183584 0.0 
2
 
H 4.369445426980818 8.880043876625418 0.0 
H 33.18519437980822 20.284115393540553 0.0 
2
 
H 4.323768154098688 8.859707044471628 0.0 
H 33.16095389879591 20.327846378897522 0.0 
2
 
H 4.278090881216558 8.839370212317839 0.0 
H 33.1367134177836 20.37157736425449 0.0 
2
 
H 4.232413608334428 8.819033380164049 0.0 
H 33.11247293677128 20.41530834961146 0.0 
2
 
H 4.186736335452299 8.798696548010259 0.0 
H 33.08823245575897 20.45903933496843 0.0 
2
 
H 4.141059062570169 8.77835971585647 0.0 
H 33.063991974746656 20.5027703203254 0.0 
2
 
H 4.095381789688039 8.75802288370268 0.0 
H 33.03975149373434 20.54650130568237 0.0 
2
 
H 4.049704516805909 8.73768605154889 0.0 
H 33.01551101272203 20.59023229103934 0.0 
2
 
H 4.00402724392378 8.7173492193951 0.0 
H 32.991270531709716 20.633963276396308 0.0 
2
 
H 3.9583499710416494 8.69701238724131 0.0 
H 32.9670300506974 20.677694261753278 0.0 
2
 
H 3.9126726981595192 8.67667555508752 0.0 
H 32.94278956968509 20.721425247110247 0.0 
2
 
H 3.866995425277389 8.65633872293373 0.0 
H 32.918549088672776 20.765156232467216 0.0 
2
 
H 3.821318152395259 8.63600189077994 0.0 
H 32.89430860766046 20.808887217824186 0.0 
2
 
H 3.7756408795131287 8.615665058626151 0.0 
H 32.87006812664815 20.852618203181155 0.0 
2
 
H 3.7299636066309985 8.595328226472361 0.0 
H 32.845827645635836 20.896349188538125 0.0 
2
 
H 3.6842863337488683 8.574991394318571 0.0 
H 32.82158716462352 20.940080173895094 0.0 
2
 
H 3.638609060866738 8.554654562164782 0.0 
H 32.79734668361121 20.983811159252063 0.0 
2
 
H 3.592931787984608 8.534317730010992 0.0 
H 32.773106202598896 21.027542144609033 0.0 
2
 
H 3.5472545151024777 8.513980897857202 0.0 
H 32.74886572158658 21.071273129966002 0.0 
2
 
H 3.5015772422203475 8.493644065703412 0.0 
H 32.72462524057427 21.11500411532297 0.0 
2
 
H 3.4558999693382173 8.473307233549622 0.0 
H 32.700384759561956 21.15873510067994 0.0 
2
 
H 3.410222696456087 8.452970401395833 0.0 
H 32.67614427854964 21.20246608603691 0.0 
2
 
H 3.364545423573957 8.432633569242043 0.0 
H 32.65190379753733 21.24619707139388 0.0 
2
 
H 3.3188681506918267 8.412296737088253 0.0 
H 32.627663316525016 21.28992805675085 0.0 
2
 
H 3.2731908778096965 8.391959904934463 0.0 
H 32.6034228355127 21.33365904210782 0.0 
2
 
H 3.2275136049275663 8.371623072780674 0.0 
H 32.57918235450039 21.377390027464788 0.0 
2
 
H 3.181836332045436 8.351286240626884 0.0 
H 32.554941873488076 21.421121012821757 0.0 
2
 
H 3.136159059163306 8.330949408473094 0.0 
H 32.53070139247576 21.464851998178727 0.0 
2
 
H 3.0904817862811758 8.310612576319304 0.0 
H 32.50646091146345 21.508582983535696 0.0 
2
 
H 3.0448045133990456 8.290275744165514 0.0 
H 32.482220430451136 21.552313968892665 0.0 
2
 
H 2.9991272405169154 8.269938912011725 0.0 
H 32.45797994943882 21.596044954249635 0.0 
2
 
H 2.953449967634785 8.249602079857935 0.0 
H 32.43373946842651 21.639775939606604 0.0 
2
 
H 2.907772694752655 8.229265247704145 0.0 
H 32.409498987414196 21.683506924963574 0.0 
2
 
H 2.862095421870525 8.208928415550355 0.0 
H 32.38525850640188 21.727237910320543 0.0 
2
 
H 2.8164181489883946 8.188591583396565 0.0 
H 32.36101802538957 21.770968895677512 0.0 
2
 
H 2.7707408761062644 8.168254751242776 0.0 
H 32.336777544377256 21.814699881034482 0.0 
2
 
H 2.725063603224134 8.147917919088986 0.0 
H 32.31253706336494 21.85843086639145 0.0 
2
 
H 2.679386330342004 8.127581086935196 0.0 
H 32.28829658235263 21.90216185174842 0.0 
2
 
H 2.633709057459874 8.107244254781406 0.0 
H 32.264056101340316 21.94589283710539 0.0 
2
 
H 2.5880317845777436 8.086907422627617 0.0 
H 32.239815620328 21.98962382246236 0.0 
2
 
H 2.5423545116956134 8.066570590473827 0.0 
H 32.21557513931569 22.03335480781933 0.0 
2
 
H 2.4966772388134832 8.046233758320037 0.0 
H 32.191334658303376 22.0770857931763 0.0 
2
 
H 2.450999965931353 8.025896926166247 0.0 
H 32.16709417729106 22.120816778533268 0.0 
2
 
H 2.405322693049223 8.005560094012457 0.0 
H 32.14285369627875 22.164547763890237 0.0 
2
 
H 2.3596454201670927 7.985223261858668 0.0 
H 32.118613215266436 22.208278749247206 0.0 
2
 
H 2.3139681472849625 7.964886429704878 0.0 
H 32.09437273425412 22.252009734604176 0.0 
2
 
H 2.2682908744028323 7.944549597551088 0.0 
H 32.07013225324181 22.295740719961145 0.0 
2
 
H 2.222613601520702 7.924212765397298 0.0 
H 32.045891772229496 22.339471705318115 0.0 
2
 
H 2.176936328638572 7.9038759332435085 0.0 
H 32.02165129121718 22.383202690675084 0.0 
2
 
H 2.1312590557564417 7.883539101089719 0.0 
H 31.997410810204865 22.426933676032053 0.0 
2
 
H 2.0855817828743115 7.863202268935929 0.0 
H 31.97317032919255 22.470664661389023 0.0 
2
 
H 2.0399045099921813 7.842865436782139 0.0 
H 31.94892984818023 22.514395646745992 0.0 
2
 
H 1.9942272371100513 7.822528604628349 0.0 
H 31.924689367167915 22.55812663210296 0.0 
2
 
H 1.9485499642279214 7.8021917724745595 0.0 
H 31.900448886155598 22.60185761745993 0.0 
2
 
H 1.9028726913457914 7.78185494032077 0.0 
H 31.87620840514328 22.6455886028169 0.0 
2
 
H 1.8571954184636614 7.76151810816698 0.0 
H 31.851967924130964 22.68931958817387 0.0 
2
 
H 1.8115181455815315 7.74118127601319 0.0 
H 31.827727443118647 22.73305057353084 0.0 
2
 
H 1.7658408726994015 7.7208444438594 0.0 
H 31.80348696210633 22.77678155888781 0.0 
2
 
H 1.7201635998172715 7.700507611705611 0.0 
H 31.779246481094013 22.820512544244778 0.0 
2
 
H 1.6744863269351415 7.680170779551821 0.0 
H 31.755006000081696 22.864243529601747 0.0 
2
 
H 1.6288090540530116 7.659833947398031 0.0 
H 31.73076551906938 22.907974514958717 0.0 
2
 
H 1.5831317811708816 7.639497115244241 0.0 
H 31.706525038057062 22.951705500315686 0.0 
2
 
H 1.5374545082887516 7.6191602830904515 0.0 
H 31.682284557044746 22.995436485672656 0.0 
2
 
H 1.4917772354066217 7.598823450936662 0.0 
H 31.65804407603243 23.039167471029625 0.0 
2
 
H 1.4460999625244917 7.578486618782872 0.0 
H 31.63380359502011 23.082898456386594 0.0 
2
 
H 1.4004226896423617 7.558149786629082 0.0 
H 31.609563114007795 23.126629441743564 0.0 
2
 
H 1.3547454167602317 7.537812954475292 0.0 
H 31.585322632995478 23.170360427100533 0.0 
2
 
H 1.3090681438781018 7.5174761223215025 0.0 
H 31.56108215198316 23.214091412457503 0.0 
2
 
H 1.2633908709959718 7.497139290167713 0.0 
H 31.536841670970844 23.257822397814472 0.0 
2
 
H 1.2177135981138418 7.476802458013923 0.0 
H 31.512601189958527 23.30155338317144 0.0 
2
 
H 1.1720363252317119 7.456465625860133 0.0 
H 31.48836070894621 23.34528436852841 0.0 
2
 
H 1.126359052349582 7.436128793706343 0.0 
H 31.464120227933893 23.38901535388538 0.0 
2
 
H 1.080681779467452 7.415791961552554 0.0 
H 31.439879746921576 23.43274633924235 0.0 
2
 
H 1.035004506585322 7.395455129398764 0.0 
H 31.41563926590926 23.47647732459932 0.0 
2
 
H 0.9893272337031919 7.375118297244974 0.0 
H 31.391398784896943 23.52020830995629 0.0 
2
 
H 0.9436499608210618 7.354781465091184 0.0 
H 31.367158303884626 23.563939295313258 0.0 
2
 
H 0.8979726879389317 7.3344446329373945 0.0 
H 31.34291782287231 23.607670280670227 0.0 
2
 
H 0.8522954150568016 7.314107800783605 0.0 
H 31.318677341859992 23.651401266027197 0.0 
2
 
H 0.8066181421746715 7.293770968629815 0.0 
H 31.294436860847675 23.695132251384166 0.0 
2
 
H 0.7609408692925415 7.273434136476025 0.0 
H 31.270196379835358 23.738863236741135 0.0 
2
 
H 0.7152635964104114 7.253097304322235 0.0 
H 31.24595589882304 23.782594222098105 0.0 
2
 
H 0.6695863235282813 7.2327604721684455 0.0 
H 31.221715417810724 23.826325207455074 0.0 
2
 
H 0.6239090506461512 7.212423640014656 0.0 
H 31.197474936798407 23.870056192812044 0.0 
2
 
H 0.5782317777640211 7.192086807860866 0.0 
H 31.17323445578609 23.913787178169013 0.0 
2
 
H 0.532554504881891 7.171749975707076 0.0 
H 31.148993974773774 23.957518163525982 0.0 
2
 
H 0.48687723199976096 7.151413143553286 0.0 
H 31.124753493761457 24.001249148882952 0.0 
2
 
H 0.4411999591176309 7.131076311399497 0.0 
H 31.10051301274914 24.04498013423992 0.0 
2
 
H 0.3955226862355008 7.110739479245707 0.0 
H 31.076272531736823 24.08871111959689 0.0 
2
 
H 0.3498454133533707 7.090402647091917 0.0 
H 31.052032050724506 24.13244210495386 0.0 
2
 
H 0.30416814047124063 7.070065814938127 0.0 
H 31.02779156971219 24.17617309031083 0.0 
2
 
H 0.25849086758911055 7.0497289827843375 0.0 
H 31.003551088699872 24.2199040756678 0.0 
2
 
H 0.2128135947069805 7.029392150630548 0.0 
H 30.979310607687555 24.263635061024768 0.0 
2
 
H 0.16713632182485044 7.009055318476758 0.0 
H 30.95507012667524 24.307366046381738 0.0 
2
 
H 0.12145904894272039 6.988718486322968 0.0 
H 30.93082964566292 24.351097031738707 0.0 
2
 
H 0.07578177606059033 6.968381654169178 0.0 
H 30.906589164650605 24.394828017095676 0.0 
2
 
H 0.03010450317846028 6.9480448220153885 0.0 
H 30.882348683638288 24.438559002452646 0.0 
2
 
H -0.015572769703669775 6.927707989861599 0.0 
H 30.85810820262597 24.482289987809615 0.0 
2
 
H -0.06125004258579983 6.907371157707809 0.0 
H 30.833867721613654 24.526020973166585 0.0 
2
 
H -0.10692731546792988 6.887034325554019 0.0 
H 30.809627240601337 24.569751958523554 0.0 
2
 
H -0.15260458835005994 6.866697493400229 0.0 
H 30.78538675958902 24.613482943880523 0.0 
2
 
H -0.19828186123219 6.84636066124644 0.0 
H 30.761146278576703 24.657213929237493 0.0 
2
 
H -0.24395913411432005 6.82602382909265 0.0 
H 30.736905797564386 24.700944914594462 0.0 
2
 
H -0.2896364069964501 6.80568699693886 0.0 
H 30.71266531655207 24.74467589995143 0.0 
2
 
H -0.3353136798785802 6.78535016478507 0.0 
H 30.688424835539752 24.7884068853084 0.0 
2
 
H -0.38099095276071027 6.7650133326312805 0.0 
H 30.664184354527436 24.83213787066537 0.0 
2
 
H -0.42666822564284035 6.744676500477491 0.0 
H 30.63994387351512 24.87586885602234 0.0 
2
 
H -0.47234549852497043 6.724339668323701 0.0 
H 30.6157033925028 24.91959984137931 0.0 
2
 
H -0.5180227714071005 6.704002836169911 0.0 
H 30.591462911490485 24.96333082673628 0.0 
2
 
H -0.5637000442892306 6.683666004016121 0.0 
H 30.567222430478168 25.007061812093248 0.0 
2
 
H -0.6093773171713607 6.6633291718623315 0.0 
H 30.54298194946585 25.050792797450217 0.0 
2
 
H -0.6550545900534908 6.642992339708542 0.0 
H 30.518741468453534 25.094523782807187 0.0 
2
 
H -0.7007318629356208 6.622655507554752 0.0 
H 30.494500987441217 25.138254768164156 0.0 
2
 
H -0.7464091358177509 6.602318675400962 0.0 
H 30.4702605064289 25.181985753521126 0.0 
2
 
H -0.792086408699881 6.581981843247172 0.0 
H 30.446020025416583 25.225716738878095 0.0 
2
 
H -0.8377636815820111 6.561645011093383 0.0 
H 30.421779544404266 25.269447724235064 0.0 
2
 
H -0.8834409544641412 6.541308178939593 0.0 
H 30.39753906339195 25.313178709592034 0.0 
2
 
H -0.9291182273462713 6.520971346785803 0.0 
H 30.373298582379633 25.356909694949003 0.0 
2
 
H -0.9747955002284013 6.500634514632013 0.0 
H 30.349058101367316 25.400640680305973 0.0 
2
 
H -1.0204727731105314 6.4802976824782235 0.0 
H 30.324817620355 25.444371665662942 0.0 
2
 
H -1.0661500459926614 6.459960850324434 0.0 
H 30.300577139342682 25.48810265101991 0.0 
2
 
H -1.1118273188747914 6.439624018170644 0.0 
H 30.276336658330365 25.53183363637688 0.0 
2
 
H -1.1575045917569213 6.419287186016854 0.0 
H 30.252096177318048 25.57556462173385 0.0 
2
 
H -1.2031818646390513 6.398950353863064 0.0 
H 30.22785569630573 25.61929560709082 0.0 
2
 
H -1.2488591375211813 6.3786135217092745 0.0 
H 30.203615215293414 25.66302659244779 0.0 
2
 
H -1.2945364104033112 6.358276689555485 0.0 
H 30.179374734281097 25.70675757780476 0.0 
2
 
H -1.3402136832854412 6.337939857401695 0.0 
H 30.15513425326878 25.750488563161728 0.0 
2
 
H -1.3858909561675712 6.317603025247905 0.0 
H 30.130893772256464 25.794219548518697 0.0 
2
 
H -1.4315682290497012 6.297266193094115 0.0 
H 30.106653291244147 25.837950533875667 0.0 
2
 
H -1.4772455019318311 6.276929360940326 0.0 
H 30.08241281023183 25.881681519232636 0.0 
2
 
H -1.522922774813961 6.256592528786536 0.0 
H 30.058172329219513 25.925412504589605 0.0 
2
 
H -1.568600047696091 6.236255696632746 0.0 
H 30.033931848207196 25.969143489946575 0.0 
2
 
H -1.614277320578221 6.215918864478956 0.0 
H 30.00969136719488 26.012874475303544 0.0 
2
 
H -1.659954593460351 6.1955820323251665 0.0 
H 29.985450886182562 26.056605460660514 0.0 
2
 
H -1.705631866342481 6.175245200171377 0.0 
H 29.961210405170245 26.100336446017483 0.0 
2
 
H -1.751309139224611 6.154908368017587 0.0 
H 29.93696992415793 26.144067431374452 0.0 
2
 
H -1.796986412106741 6.134571535863797 0.0 
H 29.91272944314561 26.18779841673142 0.0 
2
 
H -1.842663684988871 6.114234703710007 0.0 
H 29.888488962133295 26.23152940208839 0.0 
2
 
H -1.8883409578710009 6.0938978715562175 0.0 
H 29.864248481120978 26.27526038744536 0.0 
2
 
H -1.9340182307531308 6.073561039402428 0.0 
H 29.84000800010866 26.31899137280233 0.0 
2
 
H -1.9796955036352608 6.053224207248638 0.0 
H 29.815767519096344 26.3627223581593 0.0 
2
 
H -2.025372776517391 6.032887375094848 0.0 
H 29.791527038084027 26.40645334351627 0.0 
2
 
H -2.071050049399521 6.012550542941058 0.0 
H 29.76728655707171 26.450184328873238 0.0 
2
 
H -2.116727322281651 5.992213710787269 0.0 
H 29.743046076059393 26.493915314230208 0.0 
2
 
H -2.1624045951637814 5.971876878633479 0.0 
H 29.718805595047076 26.537646299587177 0.0 
2
 
H -2.2080818680459116 5.951540046479689 0.0 
H 29.69456511403476 26.581377284944146 0.0 
2
 
H -2.2537591409280417 5.931203214325899 0.0 
H 29.670324633022442 26.625108270301116 0.0 
2
 
H -2.299436413810172 5.9108663821721095 0.0 
H 29.646084152010125 26.668839255658085 0.0 
2
 
H -2.345113686692302 5.89052955001832 0.0 
H 29.62184367099781 26.712570241015055 0.0 
2
 
H -2.3907909595744323 5.87019271786453 0.0 
H 29.59760318998549 26.756301226372024 0.0 
2
 
H -2.4364682324565625 5.84985588571074 0.0 
H 29.573362708973175 26.800032211728993 0.0 
2
 
H -2.4821455053386927 5.82951905355695 0.0 
H 29.549122227960858 26.843763197085963 0.0 
2
 
H -2.527822778220823 5.8091822214031605 0.0 
H 29.52488174694854 26.887494182442932 0.0 
2
 
H -2.573500051102953 5.788845389249371 0.0 
H 29.500641265936224 26.9312251677999 0.0 
2
 
H -2.6191773239850833 5.768508557095581 0.0 
H 29.476400784923907 26.97495615315687 0.0 
2
 
H -2.6648545968672135 5.748171724941791 0.0 
H 29.45216030391159 27.01868713851384 0.0 
2
 
H -2.7105318697493437 5.727834892788001 0.0 
H 29.427919822899273 27.06241812387081 0.0 
2
 
H -2.756209142631474 5.707498060634212 0.0 
H 29.403679341886956 27.10614910922778 0.0 
2
 
H -2.801886415513604 5.687161228480422 0.0 
H 29.37943886087464 27.14988009458475 0.0 
2
 
H -2.8475636883957343 5.666824396326632 0.0 
H 29.355198379862323 27.193611079941718 0.0 
2
 
H -2.8932409612778645 5.646487564172842 0.0 
H 29.330957898850006 27.237342065298687 0.0 
2
 
H -2.9389182341599946 5.6261507320190525 0.0 
H 29.30671741783769 27.281073050655657 0.0 
2
 
H -2.984595507042125 5.605813899865263 0.0 
H 29.282476936825372 27.324804036012626 0.0 
2
 
H -3.030272779924255 5.585477067711473 0.0 
H 29.258236455813055 27.368535021369595 0.0 
2
 
H -3.0759500528063852 5.565140235557683 0.0 
H 29.233995974800738 27.412266006726565 0.0 
2
 
H -3.1216273256885154 5.544803403403893 0.0 
H 29.20975549378842 27.455996992083534 0.0 
2
 
H -3.1673045985706456 5.5244665712501035 0.0 
H 29.185515012776104 27.499727977440504 0.0 
2
 
H -3.212981871452776 5.504129739096314 0.0 
H 29.161274531763787 27.543458962797473 0.0 
2
 
H -3.258659144334906 5.483792906942524 0.0 
H 29.13703405075147 27.587189948154442 0.0 
2
 
H -3.304336417217036 5.463456074788734 0.0 
H 29.112793569739154 27.630920933511412 0.0 
2
 
H -3.3500136900991664 5.443119242634944 0.0 
H 29.088553088726837 27.67465191886838 0.0 
2
 
H -3.3956909629812966 5.422782410481155 0.0 
H 29.06431260771452 27.71838290422535 0.0 
2
 
H -3.4413682358634268 5.402445578327365 0.0 
H 29.040072126702203 27.76211388958232 0.0 
2
 
H -3.487045508745557 5.382108746173575 0.0 
H 29.015831645689886 27.80584487493929 0.0 
2
 
H -3.532722781627687 5.361771914019785 0.0 
H 28.99159116467757 27.84957586029626 0.0 
2
 
H -3.5784000545098174 5.3414350818659955 0.0 
H 28.967350683665252 27.89330684565323 0.0 
2
 
H -3.6240773273919475 5.321098249712206 0.0 
H 28.943110202652935 27.937037831010198 0.0 
2
 
H -3.6697546002740777 5.300761417558416 0.0 
H 28.91886972164062 27.980768816367167 0.0 
2
 
H -3.715431873156208 5.280424585404626 0.0 
H 28.8946292406283 28.024499801724136 0.0 
2
 
H -3.761109146038338 5.260087753250836 0.0 
H 28.870388759615984 28.068230787081106 0.0 
2
 
H -3.8067864189204683 5.2397509210970465 0.0 
H 28.846148278603668 28.111961772438075 0.0 
2
 
H -3.8524636918025985 5.219414088943257 0.0 
H 28.82190779759135 28.155692757795045 0.0 
2
 
H -3.8981409646847287 5.199077256789467 0.0 
H 28.797667316579034 28.199423743152014 0.0 
2
 
H -3.943818237566859 5.178740424635677 0.0 
H 28.773426835566717 28.243154728508983 0.0 
2
 
H -3.989495510448989 5.158403592481887 0.0 
H 28.7491863545544 28.286885713865953 0.0 
2
 
H -4.035172783331119 5.138066760328098 0.0 
H 28.724945873542083 28.330616699222922 0.0 
2
 
H -4.080850056213249 5.117729928174308 0.0 
H 28.700705392529766 28.37434768457989 0.0 
2
 
H -4.126527329095379 5.097393096020518 0.0 
H 28.67646491151745 28.41807866993686 0.0 
2
 
H -4.1722046019775085 5.077056263866728 0.0 
H 28.652224430505132 28.46180965529383 0.0 
2
 
H -4.217881874859638 5.0567194317129385 0.0 
H 28.627983949492815 28.5055406406508 0.0 
2
 
H -4.263559147741768 5.036382599559149 0.0 
H 28.6037434684805 28.54927162600777 0.0 
2
 
H -4.309236420623898 5.016045767405359 0.0 
H 28.57950298746818 28.59300261136474 0.0 
2
 
H -4.3549136935060275 4.995708935251569 0.0 
H 28.555262506455865 28.636733596721708 0.0 
2
 
H -4.400590966388157 4.975372103097779 0.0 
H 28.531022025443548 28.680464582078677 0.0 
2
 
H -4.446268239270287 4.9550352709439895 0.0 
H 28.50678154443123 28.724195567435647 0.0 
2
 
H -4.491945512152417 4.9346984387902 0.0 
H 28.482541063418914 28.767926552792616 0.0 
2
 
H -4.5376227850345465 4.91436160663641 0.0 
H 28.458300582406597 28.811657538149586 0.0 
2
 
H -4.583300057916676 4.89402477448262 0.0 
H 28.43406010139428 28.855388523506555 0.0 
2
 
H -4.628977330798806 4.87368794232883 0.0 
H 28.409819620381963 28.899119508863524 0.0 
2
 
H -4.674654603680936 4.853351110175041 0.0 
H 28.385579139369646 28.942850494220494 0.0 
2
 
H -4.7203318765630655 4.833014278021251 0.0 
H 28.36133865835733 28.986581479577463 0.0 
2
 
H -4.766009149445195 4.812677445867461 0.0 
H 28.337098177345013 29.030312464934433 0.0 
2
 
H -4.811686422327325 4.792340613713671 0.0 
H 28.312857696332696 29.074043450291402 0.0 
2
 
H -4.857363695209455 4.7720037815598815 0.0 
H 28.28861721532038 29.11777443564837 0.0 
2
 
H -4.9030409680915845 4.751666949406092 0.0 
H 28.264376734308062 29.16150542100534 0.0 
2
 
H -4.948718240973714 4.731330117252302 0.0 
H 28.240136253295745 29.20523640636231 0.0 
2
 
H -4.994395513855844 4.710993285098512 0.0 
H 28.215895772283428 29.24896739171928 0.0 
2
 
H -5.040072786737974 4.690656452944722 0.0 
H 28.19165529127111 29.29269837707625 0.0 
2
 
H -5.0857500596201035 4.6703196207909325 0.0 
H 28.167414810258794 29.33642936243322 0.0 
2
 
H -5.131427332502233 4.649982788637143 0.0 
H 28.143174329246477 29.380160347790188 0.0 
2
 
H -5.177104605384363 4.629645956483353 0.0 
H 28.11893384823416 29.423891333147157 0.0 
2
 
H -5.222781878266493 4.609309124329563 0.0 
H 28.094693367221844 29.467622318504127 0.0 
2
 
H -5.2684591511486225 4.588972292175773 0.0 
H 28.070452886209527 29.511353303861096 0.0 
2
 
H -5.314136424030752 4.568635460021984 0.0 
H 28.04621240519721 29.555084289218065 0.0 
2
 
H -5.359813696912882 4.548298627868194 0.0 
H 28.021971924184893 29.598815274575035 0.0 
2
 
H -5.405490969795012 4.527961795714404 0.0 
H 27.997731443172576 29.642546259932004 0.0 
2
 
H -5.4511682426771415 4.507624963560614 0.0 
H 27.97349096216026 29.686277245288974 0.0 
2
 
H -5.496845515559271 4.4872881314068245 0.0 
H 27.949250481147942 29.730008230645943 0.0 
2
 
H -5.542522788441401 4.466951299253035 0.0 
H 27.925010000135625 29.773739216002912 0.0 
2
 
H -5.588200061323531 4.446614467099245 0.0 
H 27.90076951912331 29.817470201359882 0.0 
2
 
H -5.6338773342056605 4.426277634945455 0.0 
H 27.87652903811099 29.86120118671685 0.0 
2
 
H -5.67955460708779 4.405940802791665 0.0 
H 27.852288557098674 29.90493217207382 0.0 
2
 
H -5.72523187996992 4.3856039706378755 0.0 
H 27.828048076086358 29.94866315743079 0.0 
2
 
H -5.77090915285205 4.365267138484086 0.0 
H 27.80380759507404 29.99239414278776 0.0 
2
 
H -5.8165864257341795 4.344930306330296 0.0 
H 27.779567114061724 30.03612512814473 0.0 
2
 
H -5.862263698616309 4.324593474176506 0.0 
H 27.755326633049407 30.079856113501698 0.0 
2
 
H -5.907940971498439 4.304256642022716 0.0 
H 27.73108615203709 30.123587098858668 0.0 
2
 
H -5.953618244380569 4.283919809868927 0.0 
H 27.706845671024773 30.167318084215637 0.0 
2
 
H -5.9992955172626985 4.263582977715137 0.0 
H 27.682605190012456 30.211049069572606 0.0 
2
 
H -6.044972790144828 4.243246145561347 0.0 
H 27.65836470900014 30.254780054929576 0.0 
2
 
H -6.090650063026958 4.222909313407557 0.0 
H 27.634124227987822 30.298511040286545 0.0 
2
 
H -6.136327335909088 4.2025724812537675 0.0 
H 27.609883746975505 30.342242025643515 0.0 
2
 
H -6.1820046087912175 4.182235649099978 0.0 
H 27.58564326596319 30.385973011000484 0.0 
2
 
H -6.227681881673347 4.161898816946188 0.0 
H 27.56140278495087 30.429703996357453 0.0 
2
 
H -6.273359154555477 4.141561984792398 0.0 
H 27.537162303938555 30.473434981714423 0.0 
2
 
H -6.319036427437607 4.121225152638608 0.0 
H 27.512921822926238 30.517165967071392 0.0 
2
 
H -6.3647137003197365 4.1008883204848185 0.0 
H 27.48868134191392 30.56089695242836 0.0 
2
 
H -6.410390973201866 4.080551488331029 0.0 
H 27.464440860901604 30.60462793778533 0.0 
2
 
H -6.456068246083996 4.060214656177239 0.0 
H 27.440200379889287 30.6483589231423 0.0 
2
 
H -6.501745518966126 4.039877824023449 0.0 
H 27.41595989887697 30.69208990849927 0.0 
2
 
H -6.5474227918482555 4.019540991869659 0.0 
H 27.391719417864653 30.73582089385624 0.0 
2
 
H -6.593100064730385 3.9992041597158696 0.0 
H 27.367478936852336 30.77955187921321 0.0 
2
 
H -6.638777337612515 3.97886732756208 0.0 
H 27.34323845584002 30.823282864570178 0.0 
2
 
H -6.684454610494645 3.95853049540829 0.0 
H 27.318997974827703 30.867013849927147 0.0 
2
 
H -6.7301318833767745 3.9381936632545003 0.0 
H 27.294757493815386 30.910744835284117 0.0 
2
 
H -6.775809156258904 3.9178568311007105 0.0 
H 27.27051701280307 30.954475820641086 0.0 
2
 
H -6.821486429141034 3.8975199989469207 0.0 
H 27.246276531790752 30.998206805998056 0.0 
2
 
H -6.867163702023164 3.877183166793131 0.0 
H 27.222036050778435 31.041937791355025 0.0 
2
 
H -6.9128409749052935 3.856846334639341 0.0 
H 27.197795569766118 31.085668776711994 0.0 
2
 
H -6.958518247787423 3.8365095024855513 0.0 
H 27.1735550887538 31.129399762068964 0.0 
2
 
H -7.004195520669553 3.8161726703317616 0.0 
H 27.149314607741484 31.173130747425933 0.0 
2
 
H -7.049872793551683 3.7958358381779718 0.0 
H 27.125074126729167 31.216861732782903 0.0 
2
 
H -7.0955500664338125 3.775499006024182 0.0 
H 27.10083364571685 31.260592718139872 0.0 
2
 
H -7.141227339315942 3.755162173870392 0.0 
H 27.076593164704533 31.30432370349684 0.0 
2
 
H -7.186904612198072 3.7348253417166024 0.0 
H 27.052352683692217 31.34805468885381 0.0 
2
 
H -7.232581885080202 3.7144885095628126 0.0 
H 27.0281122026799 31.39178567421078 0.0 
2
 
H -7.2782591579623315 3.694151677409023 0.0 
H 27.003871721667583 31.43551665956775 0.0 
2
 
H -7.323936430844461 3.673814845255233 0.0 
H 26.979631240655266 31.47924764492472 0.0 
2
 
H -7.369613703726591 3.6534780131014433 0.0 
H 26.95539075964295 31.52297863028169 0.0 
2
 
H -7.415290976608721 3.6331411809476535 0.0 
H 26.931150278630632 31.566709615638658 0.0 
2
 
H -7.4609682494908505 3.6128043487938637 0.0 
H 26.906909797618315 31.610440600995627 0.0 
2
 
H -7.50664552237298 3.592467516640074 0.0 
H 26.882669316606 31.654171586352597 0.0 
2
 
H -7.55232279525511 3.572130684486284 0.0 
H 26.85842883559368 31.697902571709566 0.0 
2
 
H -7.59800006813724 3.5517938523324943 0.0 
H 26.834188354581364 31.741633557066535 0.0 
2
 
H -7.6436773410193695 3.5314570201787046 0.0 
H 26.809947873569048 31.785364542423505 0.0 
2
 
H -7.689354613901499 3.5111201880249148 0.0 
H 26.78570739255673 31.829095527780474 0.0 
2
 
H -7.735031886783629 3.490783355871125 0.0 
H 26.761466911544414 31.872826513137444 0.0 
2
 
H -7.780709159665759 3.470446523717335 0.0 
H 26.737226430532097 31.916557498494413 0.0 
2
 
H -7.8263864325478885 3.4501096915635454 0.0 
H 26.71298594951978 31.960288483851382 0.0 
2
 
H -7.872063705430018 3.4297728594097556 0.0 
H 26.688745468507463 32.00401946920835 0.0 
2
 
H -7.917740978312148 3.409436027255966 0.0 
H 26.664504987495146 32.047750454565325 0.0 
2
 
H -7.963418251194278 3.389099195102176 0.0 
H 26.64026450648283 32.0914814399223 0.0 
2
 
H -8.009095524076407 3.3687623629483863 0.0 
H 26.616024025470512 32.13521242527927 0.0 
2
 
H -8.054772796958538 3.3484255307945965 0.0 
H 26.591783544458195 32.17894341063624 0.0 
2
 
H -8.100450069840669 3.3280886986408067 0.0 
H 26.56754306344588 32.22267439599322 0.0 
2
 
H -8.1461273427228 3.307751866487017 0.0 
H 26.54330258243356 32.26640538135019 0.0 
2
 
H -8.19180461560493 3.287415034333227 0.0 
H 26.519062101421245 32.31013636670716 0.0 
2
 
H -8.23748188848706 3.2670782021794373 0.0 
H 26.494821620408928 32.353867352064135 0.0 
2
 
H -8.283159161369191 3.2467413700256476 0.0 
H 26.47058113939661 32.39759833742111 0.0 
2
 
H -8.328836434251322 3.2264045378718578 0.0 
H 26.446340658384294 32.44132932277808 0.0 
2
 
H -8.374513707133453 3.206067705718068 0.0 
H 26.422100177371977 32.485060308135054 0.0 
2
 
H -8.420190980015583 3.185730873564278 0.0 
H 26.39785969635966 32.52879129349203 0.0 
2
 
H -8.465868252897714 3.1653940414104884 0.0 
H 26.373619215347343 32.572522278849 0.0 
2
 
H -8.511545525779844 3.1450572092566986 0.0 
H 26.349378734335026 32.61625326420597 0.0 
2
 
H -8.557222798661975 3.124720377102909 0.0 
H 26.32513825332271 32.659984249562946 0.0 
2
 
H -8.602900071544106 3.104383544949119 0.0 
H 26.300897772310392 32.70371523491992 0.0 
2
 
H -8.648577344426236 3.0840467127953293 0.0 
H 26.276657291298076 32.74744622027689 0.0 
2
 
H -8.694254617308367 3.0637098806415395 0.0 
H 26.25241681028576 32.791177205633865 0.0 
2
 
H -8.739931890190498 3.0433730484877497 0.0 
H 26.228176329273442 32.83490819099084 0.0 
2
 
H -8.785609163072628 3.02303621633396 0.0 
H 26.203935848261125 32.87863917634781 0.0 
2
 
H -8.831286435954759 3.00269938418017 0.0 
H 26.179695367248808 32.922370161704784 0.0 
2
 
H -8.87696370883689 2.9823625520263803 0.0 
H 26.15545488623649 32.96610114706176 0.0 
2
 
H -8.92264098171902 2.9620257198725906 0.0 
H 26.131214405224174 33.00983213241873 0.0 
2
 
H -8.96831825460115 2.9416888877188008 0.0 
H 26.106973924211857 33.0535631177757 0.0 
2
 
H -9.013995527483281 2.921352055565011 0.0 
H 26.08273344319954 33.097294103132676 0.0 
2
 
H -9.059672800365412 2.901015223411221 0.0 
H 26.058492962187223 33.14102508848965 0.0 
2
 
H -9.105350073247543 2.8806783912574314 0.0 
H 26.034252481174907 33.18475607384662 0.0 
2
 
H -9.151027346129673 2.8603415591036416 0.0 
H 26.01001200016259 33.228487059203594 0.0 
2
 
H -9.196704619011804 2.840004726949852 0.0 
H 25.985771519150273 33.27221804456057 0.0 
2
 
H -9.242381891893935 2.819667894796062 0.0 
H 25.961531038137956 33.31594902991754 0.0 
2
 
H -9.288059164776065 2.7993310626422723 0.0 
H 25.93729055712564 33.35968001527451 0.0 
2
 
H -9.333736437658196 2.7789942304884825 0.0 
H 25.913050076113322 33.403411000631486 0.0 
2
 
H -9.379413710540327 2.7586573983346927 0.0 
H 25.888809595101005 33.44714198598846 0.0 
2
 
H -9.425090983422457 2.738320566180903 0.0 
H 25.864569114088688 33.49087297134543 0.0 
2
 
H -9.470768256304588 2.717983734027113 0.0 
H 25.84032863307637 33.534603956702405 0.0 
2
 
H -9.516445529186718 2.6976469018733233 0.0 
H 25.816088152064054 33.57833494205938 0.0 
2
 
H -9.56212280206885 2.6773100697195336 0.0 
H 25.791847671051737 33.62206592741635 0.0 
2
 
H -9.60780007495098 2.6569732375657438 0.0 
H 25.76760719003942 33.665796912773324 0.0 
2
 
H -9.65347734783311 2.636636405411954 0.0 
H 25.743366709027104 33.7095278981303 0.0 
2
 
H -9.699154620715241 2.616299573258164 0.0 
H 25.719126228014787 33.75325888348727 0.0 
2
 
H -9.744831893597372 2.5959627411043744 0.0 
H 25.69488574700247 33.79698986884424 0.0 
2
 
H -9.790509166479502 2.5756259089505846 0.0 
H 25.670645265990153 33.840720854201216 0.0 
2
 
H -9.836186439361633 2.555289076796795 0.0 
H 25.646404784977836 33.88445183955819 0.0 
2
 
H -9.881863712243764 2.534952244643005 0.0 
H 25.62216430396552 33.92818282491516 0.0 
2
 
H -9.927540985125894 2.5146154124892153 0.0 
H 25.597923822953202 33.971913810272135 0.0 
2
 
H -9.973218258008025 2.4942785803354255 0.0 
H 25.573683341940885 34.01564479562911 0.0 
2
 
H -10.018895530890155 2.4739417481816357 0.0 
H 25.54944286092857 34.05937578098608 0.0 
2
 
H -10.064572803772286 2.453604916027846 0.0 
H 25.52520237991625 34.10310676634305 0.0 
2
 
H -10.110250076654417 2.433268083874056 0.0 
H 25.500961898903935 34.146837751700026 0.0 
2
 
H -10.155927349536547 2.4129312517202663 0.0 
H 25.476721417891618 34.190568737057 0.0 
2
 
H -10.201604622418678 2.3925944195664766 0.0 
H 25.4524809368793 34.23429972241397 0.0 
2
 
H -10.247281895300809 2.3722575874126868 0.0 
H 25.428240455866984 34.278030707770945 0.0 
2
 
H -10.29295916818294 2.351920755258897 0.0 
H 25.403999974854667 34.32176169312792 0.0 
2
 
H -10.33863644106507 2.331583923105107 0.0 
H 25.37975949384235 34.36549267848489 0.0 
2
 
H -10.3843137139472 2.3112470909513174 0.0 
H 25.355519012830033 34.409223663841864 0.0 
2
 
H -10.429990986829331 2.2909102587975276 0.0 
H 25.331278531817716 34.45295464919884 0.0 
2
 
H -10.475668259711462 2.270573426643738 0.0 
H 25.3070380508054 34.49668563455581 0.0 
2
 
H -10.521345532593593 2.250236594489948 0.0 
H 25.282797569793082 34.54041661991278 0.0 
2
 
H -10.567022805475723 2.2298997623361583 0.0 
H 25.258557088780766 34.584147605269756 0.0 
2
 
H -10.612700078357854 2.2095629301823685 0.0 
H 25.23431660776845 34.62787859062673 0.0 
2
 
H -10.658377351239984 2.1892260980285787 0.0 
H 25.21007612675613 34.6716095759837 0.0 
2
 
H -10.704054624122115 2.168889265874789 0.0 
H 25.185835645743815 34.715340561340675 0.0 
2
 
H -10.749731897004246 2.148552433720999 0.0 
H 25.161595164731498 34.75907154669765 0.0 
2
 
H -10.795409169886376 2.1282156015672093 0.0 
H 25.13735468371918 34.80280253205462 0.0 
2
 
H -10.841086442768507 2.1078787694134196 0.0 
H 25.113114202706864 34.84653351741159 0.0 
2
 
H -10.886763715650638 2.0875419372596298 0.0 
H 25.088873721694547 34.89026450276857 0.0 
2
 
H -10.932440988532768 2.06720510510584 0.0 
H 25.06463324068223 34.93399548812554 0.0 
2
 
H -10.978118261414899 2.04686827295205 0.0 
H 25.040392759669913 34.97772647348251 0.0 
2
 
H -11.02379553429703 2.0265314407982604 0.0 
H 25.016152278657596 35.021457458839485 0.0 
2
 
H -11.06947280717916 2.0061946086444706 0.0 
H 24.99191179764528 35.06518844419646 0.0 
2
 
H -11.11515008006129 1.9858577764906806 0.0 
H 24.967671316632963 35.10891942955343 0.0 
2
 
H -11.160827352943421 1.9655209443368906 0.0 
H 24.943430835620646 35.152650414910404 0.0 
2
 
H -11.206504625825552 1.9451841121831006 0.0 
H 24.91919035460833 35.19638140026738 0.0 
2
 
H -11.252181898707683 1.9248472800293106 0.0 
H 24.894949873596012 35.24011238562435 0.0 
2
 
H -11.297859171589813 1.9045104478755206 0.0 
H 24.870709392583695 35.28384337098132 0.0 
2
 
H -11.343536444471944 1.8841736157217306 0.0 
H 24.846468911571378 35.327574356338296 0.0 
2
 
H -11.389213717354075 1.8638367835679406 0.0 
H 24.82222843055906 35.37130534169527 0.0 
2
 
H -11.434890990236205 1.8434999514141506 0.0 
H 24.797987949546744 35.41503632705224 0.0 
2
 
H -11.480568263118336 1.8231631192603606 0.0 
H 24.773747468534427 35.458767312409215 0.0 
2
 
H -11.526245536000467 1.8028262871065706 0.0 
H 24.74950698752211 35.50249829776619 0.0 
2
 
H -11.571922808882597 1.7824894549527805 0.0 
H 24.725266506509794 35.54622928312316 0.0 
2
 
H -11.617600081764728 1.7621526227989905 0.0 
H 24.701026025497477 35.589960268480134 0.0 
2
 
H -11.663277354646858 1.7418157906452005 0.0 
H 24.67678554448516 35.63369125383711 0.0 
2
 
H -11.708954627528989 1.7214789584914105 0.0 
H 24.652545063472843 35.67742223919408 0.0 
2
 
H -11.75463190041112 1.7011421263376205 0.0 
H 24.628304582460526 35.72115322455105 0.0 
2
 
H -11.80030917329325 1.6808052941838305 0.0 
H 24.60406410144821 35.764884209908026 0.0 
2
 
H -11.845986446175381 1.6604684620300405 0.0 
H 24.579823620435892 35.808615195265 0.0 
2
 
H -11.891663719057512 1.6401316298762505 0.0 
H 24.555583139423575 35.85234618062197 0.0 
2
 
H -11.937340991939642 1.6197947977224605 0.0 
H 24.53134265841126 35.896077165978944 0.0 
2
 
H -11.983018264821773 1.5994579655686705 0.0 
H 24.50710217739894 35.93980815133592 0.0 
2
 
H -12.028695537703904 1.5791211334148805 0.0 
H 24.482861696386625 35.98353913669289 0.0 
2
 
H -12.074372810586034 1.5587843012610905 0.0 
H 24.458621215374308 36.02727012204986 0.0 
2
 
H -12.120050083468165 1.5384474691073005 0.0 
H 24.43438073436199 36.071001107406836 0.0 
2
 
H -12.165727356350295 1.5181106369535105 0.0 
H 24.410140253349674 36.11473209276381 0.0 
2
 
H -12.211404629232426 1.4977738047997204 0.0 
H 24.385899772337357 36.15846307812078 0.0 
2
 
H -12.257081902114557 1.4774369726459304 0.0 
H 24.36165929132504 36.202194063477755 0.0 
2
 
H -12.302759174996687 1.4571001404921404 0.0 
H 24.337418810312723 36.24592504883473 0.0 
2
 
H -12.348436447878818 1.4367633083383504 0.0 
H 24.313178329300406 36.2896560341917 0.0 
2
 
H -12.394113720760949 1.4164264761845604 0.0 
H 24.28893784828809 36.333387019548674 0.0 
2
 
H -12.43979099364308 1.3960896440307704 0.0 
H 24.264697367275772 36.37711800490565 0.0 
2
 
H -12.48546826652521 1.3757528118769804 0.0 
H 24.240456886263456 36.42084899026262 0.0 
2
 
H -12.53114553940734 1.3554159797231904 0.0 
H 24.21621640525114 36.46457997561959 0.0 
2
 
H -12.576822812289471 1.3350791475694004 0.0 
H 24.19197592423882 36.508310960976566 0.0 
2
 
H -12.622500085171602 1.3147423154156104 0.0 
H 24.167735443226505 36.55204194633354 0.0 
2
 
H -12.668177358053732 1.2944054832618204 0.0 
H 24.143494962214188 36.59577293169051 0.0 
2
 
H -12.713854630935863 1.2740686511080304 0.0 
H 24.11925448120187 36.639503917047485 0.0 
2
 
H -12.759531903817994 1.2537318189542404 0.0 
H 24.095014000189554 36.68323490240446 0.0 
2
 
H -12.805209176700124 1.2333949868004503 0.0 
H 24.070773519177237 36.72696588776143 0.0 
2
 
H -12.850886449582255 1.2130581546466603 0.0 
H 24.04653303816492 36.7706968731184 0.0 
2
 
H -12.896563722464386 1.1927213224928703 0.0 
H 24.022292557152603 36.814427858475376 0.0 
2
 
H -12.942240995346516 1.1723844903390803 0.0 
H 23.998052076140286 36.85815884383235 0.0 
2
 
H -12.987918268228647 1.1520476581852903 0.0 
H 23.97381159512797 36.90188982918932 0.0 
2
 
H -13.033595541110778 1.1317108260315003 0.0 
H 23.949571114115653 36.945620814546295 0.0 
2
 
H -13.079272813992908 1.1113739938777103 0.0 
H 23.925330633103336 36.98935179990327 0.0 
2
 
H -13.124950086875039 1.0910371617239203 0.0 
H 23.90109015209102 37.03308278526024 0.0 
2
 
H -13.17062735975717 1.0707003295701303 0.0 
H 23.876849671078702 37.076813770617214 0.0 
2
 
H -13.2163046326393 1.0503634974163403 0.0 
H 23.852609190066385 37.12054475597419 0.0 
2
 
H -13.26198190552143 1.0300266652625503 0.0 
H 23.828368709054068 37.16427574133116 0.0 
2
 
H -13.307659178403561 1.0096898331087603 0.0 
H 23.80412822804175 37.20800672668813 0.0 
2
 
H -13.353336451285692 0.9893530009549703 0.0 
H 23.779887747029434 37.251737712045106 0.0 
2
 
H -13.399013724167823 0.9690161688011802 0.0 
H 23.755647266017117 37.29546869740208 0.0 
2
 
H -13.444690997049953 0.9486793366473902 0.0 
H 23.7314067850048 37.33919968275905 0.0 
2
 
H -13.490368269932084 0.9283425044936002 0.0 
H 23.707166303992484 37.382930668116025 0.0 
2
 
H -13.536045542814215 0.9080056723398102 0.0 
H 23.682925822980167 37.426661653473 0.0 
2
 
H -13.581722815696345 0.8876688401860202 0.0 
H 23.65868534196785 37.47039263882997 0.0 
2
 
H -13.627400088578476 0.8673320080322302 0.0 
H 23.634444860955533 37.514123624186944 0.0 
2
 
H -13.673077361460606 0.8469951758784402 0.0 
H 23.610204379943216 37.55785460954392 0.0 
2
 
H -13.718754634342737 0.8266583437246502 0.0 
H 23.5859638989309 37.60158559490089 0.0 
2
 
H -13.764431907224868 0.8063215115708602 0.0 
H 23.561723417918582 37.64531658025786 0.0 
2
 
H -13.810109180106998 0.7859846794170702 0.0 
H 23.537482936906265 37.689047565614835 0.0 
2
 
H -13.855786452989129 0.7656478472632802 0.0 
H 23.51324245589395 37.73277855097181 0.0 
2
 
H -13.90146372587126 0.7453110151094902 0.0 
H 23.48900197488163 37.77650953632878 0.0 
2
 
H -13.94714099875339 0.7249741829557002 0.0 
H 23.464761493869315 37.820240521685754 0.0 
2
 
H -13.992818271635521 0.7046373508019101 0.0 
H 23.440521012856998 37.86397150704273 0.0 
2
 
H -14.038495544517652 0.6843005186481201 0.0 
H 23.41628053184468 37.9077024923997 0.0 
2
 
H -14.084172817399782 0.6639636864943301 0.0 
H 23.392040050832364 37.95143347775667 0.0 
2
 
H -14.129850090281913 0.6436268543405401 0.0 
H 23.367799569820047 37.995164463113646 0.0 
2
 
H -14.175527363164043 0.6232900221867501 0.0 
H 23.34355908880773 38.03889544847062 0.0 
2
 
H -14.221204636046174 0.6029531900329601 0.0 
H 23.319318607795413 38.08262643382759 0.0 
2
 
H -14.266881908928305 0.5826163578791701 0.0 
H 23.295078126783096 38.126357419184565 0.0 
2
 
H -14.312559181810435 0.5622795257253801 0.0 
H 23.27083764577078 38.17008840454154 0.0 
2
 
H -14.358236454692566 0.5419426935715901 0.0 
H 23.246597164758462 38.21381938989851 0.0 
2
 
H -14.403913727574697 0.5216058614178001 0.0 
H 23.222356683746145 38.257550375255484 0.0 
2
 
H -14.449591000456827 0.5012690292640101 0.0 
H 23.19811620273383 38.30128136061246 0.0 
2
 
H -14.495268273338958 0.48093219711022006 0.0 
H 23.17387572172151 38.34501234596943 0.0 
2
 
H -14.540945546221089 0.46059536495643005 0.0 
H 23.149635240709195 38.3887433313264 0.0 
2
 
H -14.58662281910322 0.44025853280264005 0.0 
H 23.125394759696878 38.432474316683376 0.0 
2
 
H -14.63230009198535 0.41992170064885004 0.0 
H 23.10115427868456 38.47620530204035 0.0 
2
 
H -14.67797736486748 0.39958486849506003 0.0 
H 23.076913797672244 38.51993628739732 0.0 
2
 
H -14.723654637749611 0.37924803634127 0.0 
H 23.052673316659927 38.563667272754294 0.0 
2
 
H -14.769331910631742 0.35891120418748 0.0 
H 23.02843283564761 38.60739825811127 0.0 
2
 
H -14.815009183513872 0.33857437203369 0.0 
H 23.004192354635293 38.65112924346824 0.0 
2
 
H -14.860686456396003 0.3182375398799 0.0 
H 22.979951873622976 38.69486022882521 0.0 
2
 
H -14.906363729278134 0.29790070772611 0.0 
H 22.95571139261066 38.738591214182186 0.0 
2
 
H -14.952041002160264 0.27756387557232 0.0 
H 22.931470911598343 38.78232219953916 0.0 
2
 
H -14.997718275042395 0.25722704341853 0.0 
H 22.907230430586026 38.82605318489613 0.0 
2
 
H -15.043395547924526 0.23689021126473997 0.0 
H 22.88298994957371 38.869784170253105 0.0 
2
 
H -15.089072820806656 0.21655337911094996 0.0 
H 22.858749468561392 38.91351515561008 0.0 
2
 
H -15.134750093688787 0.19621654695715995 0.0 
H 22.834508987549075 38.95724614096705 0.0 
2
 
H -15.180427366570918 0.17587971480336995 0.0 
H 22.810268506536758 39.000977126324024 0.0 
2
 
H -15.226104639453048 0.15554288264957994 0.0 
H 22.78602802552444 39.044708111681 0.0 
2
 
H -15.271781912335179 0.13520605049578993 0.0 
H 22.761787544512124 39.08843909703797 0.0 
2
 
H -15.31745918521731 0.11486921834199994 0.0 
H 22.737547063499807 39.13217008239494 0.0 
2
 
H -15.36313645809944 0.09453238618820994 0.0 
H 22.71330658248749 39.175901067751916 0.0 
2
 
H -15.40881373098157 0.07419555403441995 0.0 
H 22.689066101475174 39.21963205310889 0.0 
2
 
H -15.454491003863701 0.053858721880629956 0.0 
H 22.664825620462857 39.26336303846586 0.0 
2
 
H -15.500168276745832 0.03352188972683996 0.0 
H 22.64058513945054 39.307094023822835 0.0 
2
 
H -15.545845549627963 0.013185057573049969 0.0 
H 22.616344658438223 39.35082500917981 0.0 
2
 
H -15.591522822510093 -0.007151774580740025 0.0 
H 22.592104177425906 39.39455599453678 0.0 
2
 
H -15.637200095392224 -0.02748860673453002 0.0 
H 22.56786369641359 39.43828697989375 0.0 
2
 
H -15.682877368274355 -0.04782543888832001 0.0 
H 22.543623215401272 39.482017965250726 0.0 
2
 
H -15.728554641156485 -0.06816227104211 0.0 
H 22.519382734388955 39.5257489506077 0.0 
2
 
H -15.774231914038616 -0.0884991031959 0.0 
H 22.49514225337664 39.56947993596467 0.0 
2
 
H -15.819909186920746 -0.10883593534969 0.0 
H 22.47090177236432 39.613210921321645 0.0 
2
 
H -15.865586459802877 -0.12917276750348 0.0 
H 22.446661291352004 39.65694190667862 0.0 
2
 
H -15.911263732685008 -0.14950959965727 0.0 
H 22.422420810339688 39.70067289203559 0.0 
2
 
H -15.956941005567138 -0.16984643181106002 0.0 
H 22.39818032932737 39.744403877392564 0.0 
2
 
H -16.00261827844927 -0.19018326396485002 0.0 
H 22.373939848315054 39.78813486274954 0.0 
2
 
H -16.0482955513314 -0.21052009611864003 0.0 
H 22.349699367302737 39.83186584810651 0.0 
2
 
H -16.09397282421353 -0.23085692827243004 0.0 
H 22.32545888629042 39.87559683346348 0.0 
2
 
H -16.13965009709566 -0.25119376042622005 0.0 
H 22.301218405278103 39.919327818820456 0.0 
2
 
H -16.18532736997779 -0.27153059258001006 0.0 
H 22.276977924265786 39.96305880417743 0.0 
2
 
H -16.231004642859922 -0.29186742473380006 0.0 
H 22.25273744325347 40.0067897895344 0.0 
2
 
H -16.276681915742053 -0.31220425688759007 0.0 
H 22.228496962241152 40.050520774891375 0.0 
2
 
H -16.322359188624183 -0.3325410890413801 0.0 
H 22.204256481228835 40.09425176024835 0.0 
2
 
H -16.368036461506314 -0.3528779211951701 0.0 
H 22.18001600021652 40.13798274560532 0.0 
2
 
H -16.413713734388445 -0.3732147533489601 0.0 
H 22.1557755192042 40.181713730962294 0.0 
2
 
H -16.459391007270575 -0.3935515855027501 0.0 
H 22.131535038191885 40.22544471631927 0.0 
2
 
H -16.505068280152706 -0.4138884176565401 0.0 
H 22.107294557179568 40.26917570167624 0.0 
2
 
H -16.550745553034837 -0.4342252498103301 0.0 
H 22.08305407616725 40.31290668703321 0.0 
2
 
H -16.596422825916967 -0.4545620819641201 0.0 
H 22.058813595154934 40.356637672390185 0.0 
2
 
H -16.642100098799098 -0.47489891411791013 0.0 
H 22.034573114142617 40.40036865774716 0.0 
2
 
H -16.68777737168123 -0.49523574627170014 0.0 
H 22.0103326331303 40.44409964310413 0.0 
2
 
H -16.73345464456336 -0.5155725784254901 0.0 
H 21.986092152117983 40.487830628461104 0.0 
2
 
H -16.77913191744549 -0.5359094105792801 0.0 
H 21.961851671105666 40.53156161381808 0.0 
2
 
H -16.82480919032762 -0.5562462427330701 0.0 
H 21.93761119009335 40.57529259917505 0.0 
2
 
H -16.87048646320975 -0.5765830748868601 0.0 
H 21.913370709081033 40.61902358453202 0.0 
2
 
H -16.91616373609188 -0.5969199070406501 0.0 
H 21.889130228068716 40.662754569888996 0.0 
2
 
H -16.961841008974012 -0.6172567391944401 0.0 
H 21.8648897470564 40.70648555524597 0.0 
2
 
H -17.007518281856143 -0.6375935713482301 0.0 
H 21.840649266044082 40.75021654060294 0.0 
2
 
H -17.053195554738274 -0.6579304035020201 0.0 
H 21.816408785031765 40.793947525959915 0.0 
2
 
H -17.098872827620404 -0.6782672356558102 0.0 
H 21.792168304019448 40.83767851131689 0.0 
2
 
H -17.144550100502535 -0.6986040678096002 0.0 
H 21.76792782300713 40.88140949667386 0.0 
2
 
H -17.190227373384666 -0.7189408999633902 0.0 
H 21.743687341994814 40.925140482030834 0.0 
2
 
H -17.235904646266796 -0.7392777321171802 0.0 
H 21.719446860982497 40.96887146738781 0.0 
2
 
H -17.281581919148927 -0.7596145642709702 0.0 
H 21.69520637997018 41.01260245274478 0.0 
2
 
H -17.327259192031057 -0.7799513964247602 0.0 
H 21.670965898957864 41.05633343810175 0.0 
2
 
H -17.372936464913188 -0.8002882285785502 0.0 
H 21.646725417945547 41.100064423458726 0.0 
2
 
H -17.41861373779532 -0.8206250607323402 0.0 
H 21.62248493693323 41.1437954088157 0.0 
2
 
H -17.46429101067745 -0.8409618928861302 0.0 
H 21.598244455920913 41.18752639417267 0.0 
2
 
H -17.50996828355958 -0.8612987250399202 0.0 
H 21.574003974908596 41.231257379529644 0.0 
2
 
H -17.55564555644171 -0.8816355571937102 0.0 
H 21.54976349389628 41.27498836488662 0.0 
2
 
H -17.60132282932384 -0.9019723893475002 0.0 
H 21.525523012883962 41.31871935024359 0.0 
2
 
H -17.647000102205972 -0.9223092215012902 0.0 
H 21.501282531871645 41.36245033560056 0.0 
2
 
H -17.692677375088103 -0.9426460536550803 0.0 
H 21.47704205085933 41.406181320957536 0.0 
2
 
H -17.738354647970233 -0.9629828858088703 0.0 
H 21.45280156984701 41.44991230631451 0.0 
2
 
H -17.784031920852364 -0.9833197179626603 0.0 
H 21.428561088834694 41.49364329167148 0.0 
2
 
H -17.829709193734494 -1.0036565501164503 0.0 
H 21.404320607822378 41.537374277028455 0.0 
2
 
H -17.875386466616625 -1.0239933822702403 0.0 
H 21.38008012681006 41.58110526238543 0.0 
2
 
H -17.921063739498756 -1.0443302144240303 0.0 
H 21.355839645797744 41.6248362477424 0.0 
2
 
H -17.966741012380886 -1.0646670465778203 0.0 
H 21.331599164785427 41.668567233099374 0.0 
2
 
H -18.012418285263017 -1.0850038787316103 0.0 
H 21.30735868377311 41.71229821845635 0.0 
2
 
H -18.058095558145148 -1.1053407108854003 0.0 
H 21.283118202760793 41.75602920381332 0.0 
2
 
H -18.10377283102728 -1.1256775430391903 0.0 
H 21.258877721748476 41.79976018917029 0.0 
2
 
H -18.14945010390941 -1.1460143751929803 0.0 
H 21.23463724073616 41.843491174527266 0.0 
2
 
H -18.19512737679154 -1.1663512073467703 0.0 
H 21.210396759723842 41.88722215988424 0.0 
2
 
H -18.24080464967367 -1.1866880395005603 0.0 
H 21.186156278711525 41.93095314524121 0.0 
2
 
H -18.2864819225558 -1.2070248716543504 0.0 
H 21.16191579769921 41.974684130598185 0.0 
2
 
H -18.33215919543793 -1.2273617038081404 0.0 
H 21.13767531668689 42.01841511595516 0.0 
2
 
H -18.377836468320062 -1.2476985359619304 0.0 
H 21.113434835674575 42.06214610131213 0.0 
2
 
H -18.423513741202193 -1.2680353681157204 0.0 
H 21.089194354662258 42.1058770866691 0.0 
2
 
H -18.469191014084323 -1.2883722002695104 0.0 
H 21.06495387364994 42.149608072026076 0.0 
2
 
H -18.514868286966454 -1.3087090324233004 0.0 
H 21.040713392637624 42.19333905738305 0.0 
2
 
H -18.560545559848585 -1.3290458645770904 0.0 
H 21.016472911625307 42.23707004274002 0.0 
2
 
H -18.606222832730715 -1.3493826967308804 0.0 
H 20.99223243061299 42.280801028096995 0.0 
2
 
H -18.651900105612846 -1.3697195288846704 0.0 
H 20.967991949600673 42.32453201345397 0.0 
2
 
H -18.697577378494977 -1.3900563610384604 0.0 
H 20.943751468588356 42.36826299881094 0.0 
2
 
H -18.743254651377107 -1.4103931931922504 0.0 
H 20.91951098757604 42.411993984167914 0.0 
2
 
H -18.788931924259238 -1.4307300253460404 0.0 
H 20.895270506563723 42.45572496952489 0.0 
2
 
H -18.83460919714137 -1.4510668574998304 0.0 
H 20.871030025551406 42.49945595488186 0.0 
2
 
H -18.8802864700235 -1.4714036896536205 0.0 
H 20.84678954453909 42.54318694023883 0.0 
2
 
H -18.92596374290563 -1.4917405218074105 0.0 
H 20.822549063526772 42.586917925595806 0.0 
2
 
H -18.97164101578776 -1.5120773539612005 0.0 
H 20.798308582514455 42.63064891095278 0.0 
2
 
H -19.01731828866989 -1.5324141861149905 0.0 
H 20.774068101502138 42.67437989630975 0.0 
2
 
H -19.06299556155202 -1.5527510182687805 0.0 
H 20.74982762048982 42.718110881666725 0.0 
2
 
H -19.108672834434152 -1.5730878504225705 0.0 
H 20.725587139477504 42.7618418670237 0.0 
2
 
H -19.154350107316283 -1.5934246825763605 0.0 
H 20.701346658465187 42.80557285238067 0.0 
2
 
H -19.200027380198414 -1.6137615147301505 0.0 
H 20.67710617745287 42.849303837737644 0.0 
2
 
H -19.245704653080544 -1.6340983468839405 0.0 
H 20.652865696440553 42.89303482309462 0.0 
2
 
H -19.291381925962675 -1.6544351790377305 0.0 
H 20.628625215428237 42.93676580845159 0.0 
2
 
H -19.337059198844806 -1.6747720111915205 0.0 
H 20.60438473441592 42.98049679380856 0.0 
2
 
H -19.382736471726936 -1.6951088433453105 0.0 
H 20.580144253403603 43.024227779165535 0.0 
2
 
H -19.428413744609067 -1.7154456754991005 0.0 
H 20.555903772391286 43.06795876452251 0.0 
2
 
H -19.474091017491197 -1.7357825076528905 0.0 
H 20.53166329137897 43.11168974987948 0.0 
2
 
H -19.519768290373328 -1.7561193398066806 0.0 
H 20.507422810366652 43.155420735236454 0.0 
2
 
H -19.56544556325546 -1.7764561719604706 0.0 
H 20.483182329354335 43.19915172059343 0.0 
2
 
H -19.61112283613759 -1.7967930041142606 0.0 
H 20.45894184834202 43.2428827059504 0.0 
2
 
H -19.65680010901972 -1.8171298362680506 0.0 
H 20.4347013673297 43.28661369130737 0.0 
2
 
H -19.70247738190185 -1.8374666684218406 0.0 
H 20.410460886317384 43.330344676664346 0.0 
2
 
H -19.74815465478398 -1.8578035005756306 0.0 
H 20.386220405305068 43.37407566202132 0.0 
2
 
H -19.793831927666112 -1.8781403327294206 0.0 
H 20.36197992429275 43.41780664737829 0.0 
2
 
H -19.839509200548243 -1.8984771648832106 0.0 
H 20.337739443280434 43.461537632735265 0.0 
2
 
H -19.885186473430373 -1.9188139970370006 0.0 
H 20.313498962268117 43.50526861809224 0.0 
2
 
H -19.930863746312504 -1.9391508291907906 0.0 
H 20.2892584812558 43.54899960344921 0.0 
2
 
H -19.976541019194634 -1.9594876613445806 0.0 
H 20.265018000243483 43.592730588806184 0.0 
2
 
H -20.022218292076765 -1.9798244934983706 0.0 
H 20.240777519231166 43.63646157416316 0.0 
2
 
H -20.067895564958896 -2.0001613256521606 0.0 
H 20.21653703821885 43.68019255952013 0.0 
2
 
H -20.113572837841026 -2.0204981578059504 0.0 
H 20.192296557206532 43.7239235448771 0.0 
2
 
H -20.159250110723157 -2.04083498995974 0.0 
H 20.168056076194215 43.767654530234076 0.0 
2
 
H -20.204927383605288 -2.06117182211353 0.0 
H 20.1438155951819 43.81138551559105 0.0 
2
 
H -20.25060465648742 -2.08150865426732 0.0 
H 20.11957511416958 43.85511650094802 0.0 
2
 
H -20.29628192936955 -2.1018454864211096 0.0 
H 20.095334633157265 43.898847486304994 0.0 
2
 
H -20.34195920225168 -2.1221823185748994 0.0 
H 20.071094152144948 43.94257847166197 0.0 
2
 
H -20.38763647513381 -2.142519150728689 0.0 
H 20.04685367113263 43.98630945701894 0.0 
2
 
H -20.43331374801594 -2.162855982882479 0.0 
H 20.022613190120314 44.03004044237591 0.0 
2
 
H -20.47899102089807 -2.1831928150362687 0.0 
H 19.998372709107997 44.073771427732886 0.0 
2
 
H -20.524668293780202 -2.2035296471900585 0.0 
H 19.97413222809568 44.11750241308986 0.0 
2
 
H -20.570345566662333 -2.2238664793438483 0.0 
H 19.949891747083363 44.16123339844683 0.0 
2
 
H -20.616022839544463 -2.244203311497638 0.0 
H 19.925651266071046 44.204964383803805 0.0 
2
 
H -20.661700112426594 -2.264540143651428 0.0 
H 19.90141078505873 44.24869536916078 0.0 
2
 
H -20.707377385308725 -2.2848769758052176 0.0 
H 19.877170304046412 44.29242635451775 0.0 
2
 
H -20.753054658190855 -2.3052138079590074 0.0 
H 19.852929823034096 44.336157339874724 0.0 
2
 
H -20.798731931072986 -2.325550640112797 0.0 
H 19.82868934202178 44.3798883252317 0.0 
2
 
H -20.844409203955117 -2.345887472266587 0.0 
H 19.804448861009462 44.42361931058867 0.0 
2
 
H -20.890086476837247 -2.366224304420377 0.0 
H 19.780208379997145 44.46735029594564 0.0 
2
 
H -20.935763749719378 -2.3865611365741666 0.0 
H 19.755967898984828 44.511081281302616 0.0 
2
 
H -20.98144102260151 -2.4068979687279564 0.0 
H 19.73172741797251 44.55481226665959 0.0 
2
 
H -21.02711829548364 -2.427234800881746 0.0 
H 19.707486936960194 44.59854325201656 0.0 
2
 
H -21.07279556836577 -2.447571633035536 0.0 
H 19.683246455947877 44.642274237373535 0.0 
2
 
H -21.1184728412479 -2.4679084651893257 0.0 
H 19.65900597493556 44.68600522273051 0.0 
2
 
H -21.16415011413003 -2.4882452973431155 0.0 
H 19.634765493923243 44.72973620808748 0.0 
2
 
H -21.20982738701216 -2.5085821294969053 0.0 
H 19.610525012910927 44.77346719344445 0.0 
2
 
H -21.255504659894292 -2.528918961650695 0.0 
H 19.58628453189861 44.817198178801426 0.0 
2
 
H -21.301181932776423 -2.549255793804485 0.0 
H 19.562044050886293 44.8609291641584 0.0 
2
 
H -21.346859205658554 -2.5695926259582746 0.0 
H 19.537803569873976 44.90466014951537 0.0 
2
 
H -21.392536478540684 -2.5899294581120644 0.0 
H 19.51356308886166 44.948391134872345 0.0 
2
 
H -21.438213751422815 -2.610266290265854 0.0 
H 19.489322607849342 44.99212212022932 0.0 
2
 
H -21.483891024304945 -2.630603122419644 0.0 
H 19.465082126837025 45.03585310558629 0.0 
2
 
H -21.529568297187076 -2.650939954573434 0.0 
H 19.440841645824708 45.079584090943264 0.0 
2
 
H -21.575245570069207 -2.6712767867272236 0.0 
H 19.41660116481239 45.12331507630024 0.0 
2
 
H -21.620922842951337 -2.6916136188810134 0.0 
H 19.392360683800074 45.16704606165721 0.0 
2
 
H -21.666600115833468 -2.711950451034803 0.0 
H 19.368120202787757 45.21077704701418 0.0 
2
 
H -21.7122773887156 -2.732287283188593 0.0 
H 19.34387972177544 45.254508032371156 0.0 
2
 
H -21.75795466159773 -2.7526241153423827 0.0 
H 19.319639240763124 45.29823901772813 0.0 
2
 
H -21.80363193447986 -2.7729609474961725 0.0 
H 19.295398759750807 45.3419700030851 0.0 
2
 
H -21.84930920736199 -2.7932977796499623 0.0 
H 19.27115827873849 45.385700988442075 0.0 
2
 
H -21.89498648024412 -2.813634611803752 0.0 
H 19.246917797726173 45.42943197379905 0.0 
2
 
H -21.940663753126252 -2.833971443957542 0.0 
H 19.222677316713856 45.47316295915602 0.0 
2
 
H -21.986341026008382 -2.8543082761113316 0.0 
H 19.19843683570154 45.516893944512994 0.0 
2
 
H -22.032018298890513 -2.8746451082651214 0.0 
H 19.174196354689222 45.56062492986997 0.0 
2
 
H -22.077695571772644 -2.894981940418911 0.0 
H 19.149955873676905 45.60435591522694 0.0 
2
 
H -22.123372844654774 -2.915318772572701 0.0 
H 19.12571539266459 45.64808690058391 0.0 
2
 
H -22.169050117536905 -2.935655604726491 0.0 
H 19.10147491165227 45.691817885940885 0.0 
2
 
H -22.214727390419036 -2.9559924368802806 0.0 
H 19.077234430639955 45.73554887129786 0.0 
2
 
H -22.260404663301166 -2.9763292690340704 0.0 
H 19.052993949627638 45.77927985665483 0.0 
2
 
H -22.306081936183297 -2.99666610118786 0.0 
H 19.02875346861532 45.823010842011804 0.0 
2
 
H -22.351759209065428 -3.01700293334165 0.0 
H 19.004512987603004 45.86674182736878 0.0 
2
 
H -22.397436481947558 -3.0373397654954397 0.0 
H 18.980272506590687 45.91047281272575 0.0 
2
 
H -22.44311375482969 -3.0576765976492295 0.0 
H 18.95603202557837 45.95420379808272 0.0 
2
 
H -22.48879102771182 -3.0780134298030193 0.0 
H 18.931791544566053 45.997934783439696 0.0 
2
 
H -22.53446830059395 -3.098350261956809 0.0 
H 18.907551063553736 46.04166576879667 0.0 
2
 
H -22.58014557347608 -3.118687094110599 0.0 
H 18.88331058254142 46.08539675415364 0.0 
2
 
H -22.62582284635821 -3.1390239262643886 0.0 
H 18.859070101529102 46.129127739510615 0.0 
2
 
H -22.671500119240342 -3.1593607584181784 0.0 
H 18.834829620516786 46.17285872486759 0.0 
2
 
H -22.717177392122473 -3.179697590571968 0.0 
H 18.81058913950447 46.21658971022456 0.0 
2
 
H -22.762854665004603 -3.200034422725758 0.0 
H 18.78634865849215 46.260320695581534 0.0 
2
 
H -22.808531937886734 -3.220371254879548 0.0 
H 18.762108177479835 46.30405168093851 0.0 
2
 
H -22.854209210768865 -3.2407080870333376 0.0 
H 18.737867696467518 46.34778266629548 0.0 
2
 
H -22.899886483650995 -3.2610449191871274 0.0 
H 18.7136272154552 46.39151365165245 0.0 
2
 
H -22.945563756533126 -3.281381751340917 0.0 
H 18.689386734442884 46.435244637009426 0.0 
2
 
H -22.991241029415256 -3.301718583494707 0.0 
H 18.665146253430567 46.4789756223664 0.0 
2
 
H -23.036918302297387 -3.3220554156484967 0.0 
H 18.64090577241825 46.52270660772337 0.0 
2
 
H -23.082595575179518 -3.3423922478022865 0.0 
H 18.616665291405933 46.566437593080344 0.0 
2
 
H -23.12827284806165 -3.3627290799560763 0.0 
H 18.592424810393616 46.61016857843732 0.0 
2
 
H -23.17395012094378 -3.383065912109866 0.0 
H 18.5681843293813 46.65389956379429 0.0 
2
 
H -23.21962739382591 -3.403402744263656 0.0 
H 18.543943848368983 46.69763054915126 0.0 
2
 
H -23.26530466670804 -3.4237395764174456 0.0 
H 18.519703367356666 46.741361534508236 0.0 
2
 
H -23.31098193959017 -3.4440764085712354 0.0 
H 18.49546288634435 46.78509251986521 0.0 
2
 
H -23.3566592124723 -3.464413240725025 0.0 
H 18.471222405332032 46.82882350522218 0.0 
2
 
H -23.402336485354432 -3.484750072878815 0.0 
H 18.446981924319715 46.872554490579155 0.0 
2
 
H -23.448013758236563 -3.505086905032605 0.0 
H 18.422741443307398 46.91628547593613 0.0 
2
 
H -23.493691031118694 -3.5254237371863946 0.0 
H 18.39850096229508 46.9600164612931 0.0 
2
 
H -23.539368304000824 -3.5457605693401844 0.0 
H 18.374260481282764 47.003747446650074 0.0 
2
 
H -23.585045576882955 -3.566097401493974 0.0 
H 18.350020000270447 47.04747843200705 0.0 
2
 
H -23.630722849765085 -3.586434233647764 0.0 
H 18.32577951925813 47.09120941736402 0.0 
2
 
H -23.676400122647216 -3.6067710658015537 0.0 
H 18.301539038245814 47.13494040272099 0.0 
2
 
H -23.722077395529347 -3.6271078979553435 0.0 
H 18.277298557233497 47.178671388077966 0.0 
2
 
H -23.767754668411477 -3.6474447301091333 0.0 
H 18.25305807622118 47.22240237343494 0.0 
2
 
H -23.813431941293608 -3.667781562262923 0.0 
H 18.228817595208863 47.26613335879191 0.0 
2
 
H -23.85910921417574 -3.688118394416713 0.0 
H 18.204577114196546 47.309864344148885 0.0 
2
 
H -23.90478648705787 -3.7084552265705026 0.0 
H 18.18033663318423 47.35359532950586 0.0 
2
 
H -23.95046375994 -3.7287920587242924 0.0 
H 18.156096152171912 47.39732631486283 0.0 
2
 
H -23.99614103282213 -3.749128890878082 0.0 
H 18.131855671159595 47.4410573002198 0.0 
2
 
H -24.04181830570426 -3.769465723031872 0.0 
H 18.10761519014728 47.484788285576776 0.0 
2
 
H -24.087495578586392 -3.789802555185662 0.0 
H 18.08337470913496 47.52851927093375 0.0 
2
 
H -24.133172851468522 -3.8101393873394516 0.0 
H 18.059134228122645 47.57225025629072 0.0 
2
 
H -24.178850124350653 -3.8304762194932414 0.0 
H 18.034893747110328 47.615981241647695 0.0 
2
 
H -24.224527397232784 -3.850813051647031 0.0 
H 18.01065326609801 47.65971222700467 0.0 
2
 
H -24.270204670114914 -3.871149883800821 0.0 
H 17.986412785085694 47.70344321236164 0.0 
2
 
H -24.315881942997045 -3.8914867159546107 0.0 
H 17.962172304073377 47.747174197718614 0.0 
2
 
H -24.361559215879176 -3.9118235481084005 0.0 
H 17.93793182306106 47.79090518307559 0.0 
2
 
H -24.407236488761306 -3.9321603802621903 0.0 
H 17.913691342048743 47.83463616843256 0.0 
2
 
H -24.452913761643437 -3.95249721241598 0.0 
H 17.889450861036426 47.87836715378953 0.0 
2
 
H -24.498591034525568 -3.97283404456977 0.0 
H 17.86521038002411 47.922098139146506 0.0 
2
 
H -24.544268307407698 -3.9931708767235596 0.0 
H 17.840969899011792 47.96582912450348 0.0 
2
 
H -24.58994558028983 -4.013507708877349 0.0 
H 17.816729417999476 48.00956010986045 0.0 
2
 
H -24.63562285317196 -4.033844541031139 0.0 
H 17.79248893698716 48.053291095217425 0.0 
2
 
H -24.68130012605409 -4.054181373184929 0.0 
H 17.76824845597484 48.0970220805744 0.0 
2
 
H -24.72697739893622 -4.074518205338719 0.0 
H 17.744007974962525 48.14075306593137 0.0 
2
 
H -24.77265467181835 -4.094855037492509 0.0 
H 17.719767493950208 48.184484051288344 0.0 
2
 
H -24.818331944700482 -4.115191869646298 0.0 
H 17.69552701293789 48.22821503664532 0.0 
2
 
H -24.864009217582613 -4.135528701800088 0.0 
H 17.671286531925574 48.27194602200229 0.0 
2
 
H -24.909686490464743 -4.155865533953878 0.0 
H 17.647046050913257 48.31567700735926 0.0 
2
 
H -24.955363763346874 -4.176202366107668 0.0 
H 17.62280556990094 48.359407992716235 0.0 
2
 
H -25.001041036229005 -4.1965391982614575 0.0 
H 17.598565088888623 48.40313897807321 0.0 
2
 
H -25.046718309111135 -4.216876030415247 0.0 
H 17.574324607876306 48.44686996343018 0.0 
2
 
H -25.092395581993266 -4.237212862569037 0.0 
H 17.55008412686399 48.490600948787154 0.0 
2
 
H -25.138072854875396 -4.257549694722827 0.0 
H 17.525843645851673 48.53433193414413 0.0 
2
 
H -25.183750127757527 -4.277886526876617 0.0 
H 17.501603164839356 48.5780629195011 0.0 
2
 
H -25.229427400639658 -4.298223359030406 0.0 
H 17.47736268382704 48.62179390485807 0.0 
2
 
H -25.27510467352179 -4.318560191184196 0.0 
H 17.453122202814722 48.665524890215046 0.0 
2
 
H -25.32078194640392 -4.338897023337986 0.0 
H 17.428881721802405 48.70925587557202 0.0 
2
 
H -25.36645921928605 -4.359233855491776 0.0 
H 17.404641240790088 48.75298686092899 0.0 
2
 
H -25.41213649216818 -4.379570687645566 0.0 
H 17.38040075977777 48.796717846285965 0.0 
2
 
H -25.45781376505031 -4.399907519799355 0.0 
H 17.356160278765454 48.84044883164294 0.0 
2
 
H -25.50349103793244 -4.420244351953145 0.0 
H 17.331919797753137 48.88417981699991 0.0 
2
 
H -25.549168310814572 -4.440581184106935 0.0 
H 17.30767931674082 48.927910802356884 0.0 
2
 
H -25.594845583696703 -4.460918016260725 0.0 
H 17.283438835728504 48.97164178771386 0.0 
2
 
H -25.640522856578833 -4.4812548484145145 0.0 
H 17.259198354716187 49.01537277307083 0.0 
2
 
H -25.686200129460964 -4.501591680568304 0.0 
H 17.23495787370387 49.0591037584278 0.0 
2
 
H -25.731877402343095 -4.521928512722094 0.0 
H 17.210717392691553 49.102834743784776 0.0 
2
 
H -25.777554675225225 -4.542265344875884 0.0 
H 17.186476911679236 49.14656572914175 0.0 
2
 
H -25.823231948107356 -4.562602177029674 0.0 
H 17.16223643066692 49.19029671449872 0.0 
2
 
H -25.868909220989487 -4.582939009183463 0.0 
H 17.137995949654602 49.234027699855694 0.0 
2
 
H -25.914586493871617 -4.603275841337253 0.0 
H 17.113755468642285 49.27775868521267 0.0 
2
 
H -25.960263766753748 -4.623612673491043 0.0 
H 17.08951498762997 49.32148967056964 0.0 
2
 
H -26.00594103963588 -4.643949505644833 0.0 
H 17.06527450661765 49.36522065592661 0.0 
2
 
H -26.05161831251801 -4.664286337798623 0.0 
H 17.041034025605335 49.408951641283586 0.0 
2
 
H -26.09729558540014 -4.684623169952412 0.0 
H 17.016793544593018 49.45268262664056 0.0 
2
 
H -26.14297285828227 -4.704960002106202 0.0 
H 16.9925530635807 49.49641361199753 0.0 
2
 
H -26.1886501311644 -4.725296834259992 0.0 
H 16.968312582568384 49.540144597354505 0.0 
2
 
H -26.23432740404653 -4.745633666413782 0.0 
H 16.944072101556067 49.58387558271148 0.0 
2
 
H -26.280004676928662 -4.7659704985675715 0.0 
H 16.91983162054375 49.62760656806845 0.0 
2
 
H -26.325681949810793 -4.786307330721361 0.0 
H 16.895591139531433 49.671337553425424 0.0 
2
 
H -26.371359222692924 -4.806644162875151 0.0 
H 16.871350658519116 49.7150685387824 0.0 
2
 
H -26.417036495575054 -4.826980995028941 0.0 
H 16.8471101775068 49.75879952413937 0.0 
2
 
H -26.462713768457185 -4.847317827182731 0.0 
H 16.822869696494482 49.80253050949634 0.0 
2
 
H -26.508391041339316 -4.86765465933652 0.0 
H 16.798629215482165 49.846261494853316 0.0 
2
 
H -26.554068314221446 -4.88799149149031 0.0 
H 16.77438873446985 49.88999248021029 0.0 
2
 
H -26.599745587103577 -4.9083283236441 0.0 
H 16.75014825345753 49.93372346556726 0.0 
2
 
H -26.645422859985707 -4.92866515579789 0.0 
H 16.725907772445215 49.977454450924235 0.0 
2
 
H -26.691100132867838 -4.94900198795168 0.0 
H 16.701667291432898 50.02118543628121 0.0 
2
 
H -26.73677740574997 -4.969338820105469 0.0 
H 16.67742681042058 50.06491642163818 0.0 
2
 
H -26.7824546786321 -4.989675652259259 0.0 
H 16.653186329408264 50.10864740699515 0.0 
2
 
H -26.82813195151423 -5.010012484413049 0.0 
H 16.628945848395947 50.15237839235213 0.0 
2
 
H -26.87380922439636 -5.030349316566839 0.0 
H 16.60470536738363 50.1961093777091 0.0 
2
 
H -26.91948649727849 -5.0506861487206285 0.0 
H 16.580464886371313 50.23984036306607 0.0 
2
 
H -26.965163770160622 -5.071022980874418 0.0 
H 16.556224405358996 50.283571348423045 0.0 
2
 
H -27.010841043042753 -5.091359813028208 0.0 
H 16.53198392434668 50.32730233378002 0.0 
2
 
H -27.056518315924883 -5.111696645181998 0.0 
H 16.507743443334363 50.37103331913699 0.0 
2
 
H -27.102195588807014 -5.132033477335788 0.0 
H 16.483502962322046 50.414764304493964 0.0 
2
 
H -27.147872861689144 -5.152370309489577 0.0 
H 16.45926248130973 50.45849528985094 0.0 
2
 
H -27.193550134571275 -5.172707141643367 0.0 
H 16.435022000297412 50.50222627520791 0.0 
2
 
H -27.239227407453406 -5.193043973797157 0.0 
H 16.410781519285095 50.54595726056488 0.0 
2
 
H -27.284904680335536 -5.213380805950947 0.0 
H 16.386541038272778 50.589688245921856 0.0 
2
 
H -27.330581953217667 -5.233717638104737 0.0 
H 16.36230055726046 50.63341923127883 0.0 
2
 
H -27.376259226099798 -5.254054470258526 0.0 
H 16.338060076248144 50.6771502166358 0.0 
2
 
H -27.42193649898193 -5.274391302412316 0.0 
H 16.313819595235827 50.720881201992775 0.0 
2
 
H -27.46761377186406 -5.294728134566106 0.0 
H 16.28957911422351 50.76461218734975 0.0 
2
 
H -27.51329104474619 -5.315064966719896 0.0 
H 16.265338633211194 50.80834317270672 0.0 
2
 
H -27.55896831762832 -5.3354017988736855 0.0 
H 16.241098152198877 50.852074158063694 0.0 
2
 
H -27.60464559051045 -5.355738631027475 0.0 
H 16.21685767118656 50.89580514342067 0.0 
2
 
H -27.65032286339258 -5.376075463181265 0.0 
H 16.192617190174243 50.93953612877764 0.0 
2
 
H -27.696000136274712 -5.396412295335055 0.0 
H 16.168376709161926 50.98326711413461 0.0 
2
 
H -27.741677409156843 -5.416749127488845 0.0 
H 16.14413622814961 51.026998099491585 0.0 
2
 
H -27.787354682038973 -5.437085959642634 0.0 
H 16.119895747137292 51.07072908484856 0.0 
2
 
H -27.833031954921104 -5.457422791796424 0.0 
H 16.095655266124975 51.11446007020553 0.0 
2
 
H -27.878709227803235 -5.477759623950214 0.0 
H 16.07141478511266 51.158191055562504 0.0 
2
 
H -27.924386500685365 -5.498096456104004 0.0 
H 16.04717430410034 51.20192204091948 0.0 
2
 
H -27.970063773567496 -5.518433288257794 0.0 
H 16.022933823088024 51.24565302627645 0.0 
2
 
H -28.015741046449627 -5.538770120411583 0.0 
H 15.998693342075708 51.28938401163342 0.0 
2
 
H -28.061418319331757 -5.559106952565373 0.0 
H 15.97445286106339 51.333114996990396 0.0 
2
 
H -28.107095592213888 -5.579443784719163 0.0 
H 15.950212380051074 51.37684598234737 0.0 
2
 
H -28.15277286509602 -5.599780616872953 0.0 
H 15.925971899038757 51.42057696770434 0.0 
2
 
H -28.19845013797815 -5.6201174490267425 0.0 
H 15.90173141802644 51.464307953061315 0.0 
2
 
H -28.24412741086028 -5.640454281180532 0.0 
H 15.877490937014123 51.50803893841829 0.0 
2
 
H -28.28980468374241 -5.660791113334322 0.0 
H 15.853250456001806 51.55176992377526 0.0 
2
 
H -28.33548195662454 -5.681127945488112 0.0 
H 15.82900997498949 51.595500909132234 0.0 
2
 
H -28.38115922950667 -5.701464777641902 0.0 
H 15.804769493977172 51.63923189448921 0.0 
2
 
H -28.426836502388802 -5.721801609795691 0.0 
H 15.780529012964855 51.68296287984618 0.0 
2
 
H -28.472513775270933 -5.742138441949481 0.0 
H 15.756288531952539 51.72669386520315 0.0 
2
 
H -28.518191048153064 -5.762475274103271 0.0 
H 15.732048050940222 51.770424850560126 0.0 
2
 
H -28.563868321035194 -5.782812106257061 0.0 
H 15.707807569927905 51.8141558359171 0.0 
2
 
H -28.609545593917325 -5.8031489384108506 0.0 
H 15.683567088915588 51.85788682127407 0.0 
2
 
H -28.655222866799456 -5.82348577056464 0.0 
H 15.659326607903271 51.901617806631045 0.0 
2
 
H -28.700900139681586 -5.84382260271843 0.0 
H 15.635086126890954 51.94534879198802 0.0 
2
 
H -28.746577412563717 -5.86415943487222 0.0 
H 15.610845645878637 51.98907977734499 0.0 
2
 
H -28.792254685445847 -5.88449626702601 0.0 
H 15.58660516486632 52.03281076270196 0.0 
2
 
H -28.837931958327978 -5.9048330991797995 0.0 
H 15.562364683854003 52.076541748058936 0.0 
2
 
H -28.88360923121011 -5.925169931333589 0.0 
H 15.538124202841686 52.12027273341591 0.0 
2
 
H -28.92928650409224 -5.945506763487379 0.0 
H 15.51388372182937 52.16400371877288 0.0 
2
 
H -28.97496377697437 -5.965843595641169 0.0 
H 15.489643240817053 52.207734704129855 0.0 
2
 
H -29.0206410498565 -5.986180427794959 0.0 
H 15.465402759804736 52.25146568948683 0.0 
2
 
H -29.06631832273863 -6.006517259948748 0.0 
H 15.441162278792419 52.2951966748438 0.0 
2
 
H -29.111995595620762 -6.026854092102538 0.0 
H 15.416921797780102 52.338927660200774 0.0 
2
 
H -29.157672868502893 -6.047190924256328 0.0 
H 15.392681316767785 52.38265864555775 0.0 
2
 
H -29.203350141385023 -6.067527756410118 0.0 
H 15.368440835755468 52.42638963091472 0.0 
2
 
H -29.249027414267154 -6.0878645885639076 0.0 
H 15.344200354743151 52.47012061627169 0.0 
2
 
H -29.294704687149284 -6.108201420717697 0.0 
H 15.319959873730834 52.513851601628666 0.0 
2
 
H -29.340381960031415 -6.128538252871487 0.0 
H 15.295719392718517 52.55758258698564 0.0 
2
 
H -29.386059232913546 -6.148875085025277 0.0 
H 15.2714789117062 52.60131357234261 0.0 
2
 
H -29.431736505795676 -6.169211917179067 0.0 
H 15.247238430693884 52.645044557699585 0.0 
2
 
H -29.477413778677807 -6.1895487493328565 0.0 
H 15.222997949681567 52.68877554305656 0.0 
2
 
H -29.523091051559938 -6.209885581486646 0.0 
H 15.19875746866925 52.73250652841353 0.0 
2
 
H -29.56876832444207 -6.230222413640436 0.0 
H 15.174516987656933 52.7762375137705 0.0 
2
 
H -29.6144455973242 -6.250559245794226 0.0 
H 15.150276506644616 52.81996849912748 0.0 
2
 
H -29.66012287020633 -6.270896077948016 0.0 
H 15.126036025632299 52.86369948448445 0.0 
2
 
H -29.70580014308846 -6.291232910101805 0.0 
H 15.101795544619982 52.90743046984142 0.0 
2
 
H -29.75147741597059 -6.311569742255595 0.0 
H 15.077555063607665 52.951161455198395 0.0 
2
 
H -29.79715468885272 -6.331906574409385 0.0 
H 15.053314582595348 52.99489244055537 0.0 
2
 
H -29.842831961734852 -6.352243406563175 0.0 
H 15.029074101583031 53.03862342591234 0.0 
2
 
H -29.888509234616983 -6.3725802387169646 0.0 
H 15.004833620570714 53.082354411269314 0.0 
2
 
H -29.934186507499113 -6.392917070870754 0.0 
H 14.980593139558398 53.12608539662629 0.0 
2
 
H -29.979863780381244 -6.413253903024544 0.0 
H 14.95635265854608 53.16981638198326 0.0 
2
 
H -30.025541053263375 -6.433590735178334 0.0 
H 14.932112177533764 53.21354736734023 0.0 
2
 
H -30.071218326145505 -6.453927567332124 0.0 
H 14.907871696521447 53.257278352697206 0.0 
2
 
H -30.116895599027636 -6.4742643994859135 0.0 
H 14.88363121550913 53.30100933805418 0.0 
2
 
H -30.162572871909767 -6.494601231639703 0.0 
H 14.859390734496813 53.34474032341115 0.0 
2
 
H -30.208250144791897 -6.514938063793493 0.0 
H 14.835150253484496 53.388471308768125 0.0 
2
 
H -30.253927417674028 -6.535274895947283 0.0 
H 14.81090977247218 53.4322022941251 0.0 
2
 
H -30.29960469055616 -6.555611728101073 0.0 
H 14.786669291459862 53.47593327948207 0.0 
2
 
H -30.34528196343829 -6.575948560254862 0.0 
H 14.762428810447545 53.519664264839044 0.0 
2
 
H -30.39095923632042 -6.596285392408652 0.0 
H 14.738188329435228 53.56339525019602 0.0 
2
 
H -30.43663650920255 -6.616622224562442 0.0 
H 14.713947848422912 53.60712623555299 0.0 
2
 
H -30.48231378208468 -6.636959056716232 0.0 
H 14.689707367410595 53.65085722090996 0.0 
2
 
H -30.52799105496681 -6.6572958888700215 0.0 
H 14.665466886398278 53.694588206266936 0.0 
2
 
H -30.573668327848942 -6.677632721023811 0.0 
H 14.64122640538596 53.73831919162391 0.0 
2
 
H -30.619345600731073 -6.697969553177601 0.0 
H 14.616985924373644 53.78205017698088 0.0 
2
 
H -30.665022873613204 -6.718306385331391 0.0 
H 14.592745443361327 53.825781162337854 0.0 
2
 
H -30.710700146495334 -6.738643217485181 0.0 
H 14.56850496234901 53.86951214769483 0.0 
2
 
H -30.756377419377465 -6.7589800496389705 0.0 
H 14.544264481336693 53.9132431330518 0.0 
2
 
H -30.802054692259595 -6.77931688179276 0.0 
H 14.520024000324376 53.95697411840877 0.0 
2
 
H -30.847731965141726 -6.79965371394655 0.0 
H 14.49578351931206 54.000705103765746 0.0 
2
 
H -30.893409238023857 -6.81999054610034 0.0 
H 14.471543038299743 54.04443608912272 0.0 
2
 
H -30.939086510905987 -6.84032737825413 0.0 
H 14.447302557287426 54.08816707447969 0.0 
2
 
H -30.984763783788118 -6.860664210407919 0.0 
H 14.423062076275109 54.131898059836665 0.0 
2
 
H -31.03044105667025 -6.881001042561709 0.0 
H 14.398821595262792 54.17562904519364 0.0 
2
 
H -31.07611832955238 -6.901337874715499 0.0 
H 14.374581114250475 54.21936003055061 0.0 
2
 
H -31.12179560243451 -6.921674706869289 0.0 
H 14.350340633238158 54.263091015907584 0.0 
2
 
H -31.16747287531664 -6.9420115390230785 0.0 
H 14.326100152225841 54.30682200126456 0.0 
2
 
H -31.21315014819877 -6.962348371176868 0.0 
H 14.301859671213524 54.35055298662153 0.0 
2
 
H -31.258827421080902 -6.982685203330658 0.0 
H 14.277619190201207 54.3942839719785 0.0 
2
 
H -31.304504693963032 -7.003022035484448 0.0 
H 14.25337870918889 54.438014957335476 0.0 
2
 
H -31.350181966845163 -7.023358867638238 0.0 
H 14.229138228176573 54.48174594269245 0.0 
2
 
H -31.395859239727294 -7.0436956997920275 0.0 
H 14.204897747164257 54.52547692804942 0.0 
2
 
H -31.441536512609424 -7.064032531945817 0.0 
H 14.18065726615194 54.569207913406395 0.0 
2
 
H -31.487213785491555 -7.084369364099607 0.0 
H 14.156416785139623 54.61293889876337 0.0 
2
 
H -31.532891058373686 -7.104706196253397 0.0 
H 14.132176304127306 54.65666988412034 0.0 
2
 
H -31.578568331255816 -7.125043028407187 0.0 
H 14.107935823114989 54.70040086947731 0.0 
2
 
H -31.624245604137947 -7.145379860560976 0.0 
H 14.083695342102672 54.744131854834286 0.0 
2
 
H -31.669922877020078 -7.165716692714766 0.0 
H 14.059454861090355 54.78786284019126 0.0 
2
 
H -31.715600149902208 -7.186053524868556 0.0 
H 14.035214380078038 54.83159382554823 0.0 
2
 
H -31.76127742278434 -7.206390357022346 0.0 
H 14.010973899065721 54.875324810905205 0.0 
2
 
H -31.80695469566647 -7.2267271891761355 0.0 
H 13.986733418053404 54.91905579626218 0.0 
2
 
H -31.8526319685486 -7.247064021329925 0.0 
H 13.962492937041088 54.96278678161915 0.0 
2
 
H -31.89830924143073 -7.267400853483715 0.0 
H 13.93825245602877 55.006517766976124 0.0 
2
 
H -31.94398651431286 -7.287737685637505 0.0 
H 13.914011975016454 55.0502487523331 0.0 
2
 
H -31.989663787194992 -7.308074517791295 0.0 
H 13.889771494004137 55.09397973769007 0.0 
2
 
H -32.03534106007712 -7.3284113499450845 0.0 
H 13.86553101299182 55.13771072304704 0.0 
2
 
H -32.08101833295925 -7.348748182098874 0.0 
H 13.841290531979503 55.181441708404016 0.0 
2
 
H -32.126695605841384 -7.369085014252664 0.0 
H 13.817050050967186 55.22517269376099 0.0 
2
 
H -32.172372878723515 -7.389421846406454 0.0 
H 13.79280956995487 55.26890367911796 0.0 
2
 
H -32.218050151605645 -7.409758678560244 0.0 
H 13.768569088942552 55.312634664474935 0.0 
2
 
H -32.263727424487776 -7.430095510714033 0.0 
H 13.744328607930235 55.35636564983191 0.0 
2
 
H -32.30940469736991 -7.450432342867823 0.0 
H 13.720088126917918 55.40009663518888 0.0 
2
 
H -32.35508197025204 -7.470769175021613 0.0 
H 13.695847645905602 55.443827620545854 0.0 
2
 
H -32.40075924313417 -7.491106007175403 0.0 
H 13.671607164893285 55.48755860590283 0.0 
2
 
H -32.4464365160163 -7.5114428393291925 0.0 
H 13.647366683880968 55.5312895912598 0.0 
2
 
H -32.49211378889843 -7.531779671482982 0.0 
H 13.62312620286865 55.57502057661677 0.0 
2
 
H -32.53779106178056 -7.552116503636772 0.0 
H 13.598885721856334 55.618751561973745 0.0 
2
 
H -32.58346833466269 -7.572453335790562 0.0 
H 13.574645240844017 55.66248254733072 0.0 
2
 
H -32.62914560754482 -7.592790167944352 0.0 
H 13.5504047598317 55.70621353268769 0.0 
2
 
H -32.67482288042695 -7.6131270000981415 0.0 
H 13.526164278819383 55.749944518044664 0.0 
2
 
H -32.72050015330908 -7.633463832251931 0.0 
H 13.501923797807066 55.79367550340164 0.0 
2
 
H -32.76617742619121 -7.653800664405721 0.0 
H 13.47768331679475 55.83740648875861 0.0 
2
 
H -32.81185469907334 -7.674137496559511 0.0 
H 13.453442835782432 55.88113747411558 0.0 
2
 
H -32.857531971955474 -7.694474328713301 0.0 
H 13.429202354770116 55.924868459472556 0.0 
2
 
H -32.903209244837605 -7.71481116086709 0.0 
H 13.404961873757799 55.96859944482953 0.0 
2
 
H -32.948886517719735 -7.73514799302088 0.0 
H 13.380721392745482 56.0123304301865 0.0 
2
 
H -32.994563790601866 -7.75548482517467 0.0 
H 13.356480911733165 56.056061415543475 0.0 
2
 
H -33.040241063484 -7.77582165732846 0.0 
H 13.332240430720848 56.09979240090045 0.0 
2
 
H -33.08591833636613 -7.7961584894822495 0.0 
H 13.307999949708531 56.14352338625742 0.0 
2
 
H -33.13159560924826 -7.816495321636039 0.0 
H 13.283759468696214 56.187254371614394 0.0 
2
 
H -33.17727288213039 -7.836832153789829 0.0 
H 13.259518987683897 56.23098535697137 0.0